923.06  1055.59  1016.66  998.106  990.709  988  987.369  987.734  988.605  989.749  991.047  992.438  993.894  995.398  996.938  998.498  1000.06  1001.59  1003.07  1004.46  1005.75  1006.93  1007.97  1008.89  1009.69  1010.39  1011.01  1011.55  1012.04  1012.52  1013.01  1013.6  1013.59  
884.636  1028.85  1008.23  994.916  989.232  987.197  986.874  987.394  988.351  989.544  990.872  992.284  993.756  995.272  996.822  998.39  999.958  1001.5  1002.98  1004.38  1005.68  1006.85  1007.9  1008.83  1009.63  1010.34  1010.95  1011.5  1012  1012.48  1012.98  1013.57  1013.58  
806.385  980.06  992.965  989.657  987.15  986.28  986.443  987.186  988.249  989.493  990.843  992.264  993.737  995.251  996.798  998.364  999.928  1001.46  1002.95  1004.34  1005.64  1006.81  1007.86  1008.78  1009.59  1010.3  1010.91  1011.46  1011.96  1012.44  1012.94  1013.54  1013.56  
725.857  932.051  978.087  985.153  985.918  986.15  986.7  987.571  988.661  989.89  991.21  992.593  994.028  995.508  997.023  998.56  1000.1  1001.61  1003.07  1004.45  1005.73  1006.89  1007.93  1008.84  1009.64  1010.34  1010.95  1011.49  1011.98  1012.46  1012.95  1013.53  1013.56  
646.401  872.049  959.688  979.728  984.515  986.087  987.096  988.106  989.211  990.406  991.676  993.007  994.393  995.829  997.305  998.808  1000.32  1001.8  1003.24  1004.6  1005.85  1006.99  1008.01  1008.91  1009.7  1010.39  1010.99  1011.53  1012.01  1012.48  1012.97  1013.53  1013.55  
573.822  797.048  933.237  972.324  982.511  985.777  987.369  988.577  989.728  990.908  992.138  993.424  994.765  996.16  997.601  999.072  1000.55  1002.01  1003.42  1004.76  1005.99  1007.11  1008.12  1009  1009.78  1010.45  1011.04  1011.57  1012.05  1012.51  1012.99  1013.52  1013.54  
516.918  714.398  890.459  960.431  979.15  984.857  987.268  988.787  990.056  991.271  992.498  993.765  995.082  996.453  997.87  999.319  1000.78  1002.22  1003.61  1004.92  1006.14  1007.24  1008.23  1009.09  1009.86  1010.52  1011.1  1011.62  1012.09  1012.54  1013.01  1013.52  1013.53  
481.768  635.673  828.606  940.023  973.466  983.087  986.69  988.657  990.124  991.43  992.698  993.98  995.302  996.671  998.084  999.526  1000.97  1002.4  1003.78  1005.08  1006.28  1007.36  1008.33  1009.19  1009.94  1010.59  1011.16  1011.67  1012.14  1012.58  1013.03  1013.51  1013.51  
464.913  571.426  755.52  905.527  964.006  980.277  985.689  988.252  989.968  991.4  992.738  994.062  995.411  996.799  998.226  999.677  1001.13  1002.56  1003.93  1005.21  1006.4  1007.48  1008.44  1009.28  1010.02  1010.66  1011.22  1011.72  1012.18  1012.61  1013.05  1013.5  1013.5  
460.16  527.743  681.839  854.285  947.967  975.882  984.266  987.664  989.675  991.243  992.66  994.037  995.425  996.846  998.298  999.77  1001.24  1002.67  1004.04  1005.33  1006.51  1007.58  1008.53  1009.36  1010.09  1010.72  1011.28  1011.77  1012.22  1012.64  1013.06  1013.49  1013.48  
463.244  502.947  617.472  790.807  920.636  968.657  982.215  986.929  989.317  991.027  992.517  993.944  995.373  996.83  998.315  999.815  1001.3  1002.75  1004.13  1005.42  1006.6  1007.66  1008.6  1009.43  1010.15  1010.78  1011.33  1011.82  1012.26  1012.67  1013.08  1013.47  1013.46  
471.19  492.107  569.694  723.249  878.563  956.339  978.996  985.966  988.921  990.796  992.352  993.82  995.286  996.777  998.296  999.824  1001.34  1002.8  1004.19  1005.49  1006.67  1007.73  1008.66  1009.49  1010.2  1010.83  1011.37  1011.86  1012.29  1012.7  1013.09  1013.45  1013.44  
482.085  490.893  539.497  660.451  823.819  935.115  973.584  984.545  988.458  990.567  992.192  993.694  995.187  996.708  998.257  999.815  1001.35  1002.84  1004.24  1005.54  1006.72  1007.78  1008.71  1009.53  1010.24  1010.86  1011.41  1011.89  1012.32  1012.72  1013.1  1013.43  1013.42  
494.736  495.908  523.696  610.213  762.596  901.272  964.252  982.218  987.827  990.33  992.047  993.578  995.094  996.64  998.216  999.8  1001.36  1002.86  1004.27  1005.58  1006.76  1007.82  1008.75  1009.56  1010.27  1010.89  1011.43  1011.91  1012.34  1012.73  1013.1  1013.4  1013.39  
508.409  504.793  518.502  575.701  702.372  854.917  948.186  978.206  986.831  990.036  991.908  993.478  995.013  996.581  998.182  999.789  1001.37  1002.88  1004.3  1005.61  1006.79  1007.85  1008.77  1009.59  1010.29  1010.91  1011.45  1011.93  1012.35  1012.74  1013.1  1013.38  1013.37  
522.652  516.024  520.551  555.447  650.732  800.383  921.868  971.253  985.135  989.603  991.756  993.388  994.947  996.536  998.159  999.789  1001.39  1002.91  1004.34  1005.64  1006.82  1007.87  1008.8  1009.6  1010.31  1010.92  1011.46  1011.93  1012.36  1012.75  1013.09  1013.34  1013.35  
537.182  528.643  527.285  546.353  612.528  743.823  883.781  959.377  982.181  988.884  991.552  993.299  994.891  996.504  998.152  999.803  1001.42  1002.95  1004.38  1005.68  1006.86  1007.9  1008.81  1009.62  1010.32  1010.93  1011.46  1011.94  1012.36  1012.74  1013.08  1013.31  1013.33  
551.822  542.057  536.947  545.307  588.025  692.067  836.422  939.625  977.078  987.64  991.233  993.192  994.842  996.485  998.159  999.834  1001.46  1003.01  1004.43  1005.73  1006.9  1007.93  1008.83  1009.63  1010.32  1010.93  1011.46  1011.93  1012.35  1012.73  1013.06  1013.28  1013.3  
566.454  555.896  548.391  549.692  574.928  650.803  784.698  909.612  968.452  985.481  990.695  993.04  994.79  996.475  998.181  999.88  1001.53  1003.08  1004.5  1005.79  1006.94  1007.96  1008.86  1009.64  1010.33  1010.93  1011.46  1011.92  1012.34  1012.72  1013.04  1013.25  1013.28  
581.001  569.929  560.887  557.594  570.521  622.08  734.29  869.978  954.185  981.787  989.768  992.796  994.722  996.471  998.215  999.943  1001.61  1003.16  1004.58  1005.86  1007  1008  1008.88  1009.65  1010.33  1010.93  1011.45  1011.92  1012.33  1012.7  1013.02  1013.21  1013.26  
595.407  584.004  573.972  567.701  572.259  604.772  690.877  824.173  931.778  975.624  988.189  992.389  994.619  996.467  998.262  1000.02  1001.7  1003.26  1004.68  1005.95  1007.07  1008.05  1008.92  1009.67  1010.34  1010.92  1011.44  1011.9  1012.32  1012.69  1012.99  1013.18  1013.24  
609.629  598.02  587.35  579.149  578.122  596.631  658.138  776.773  900.199  965.605  985.542  991.706  994.451  996.455  998.319  1000.12  1001.82  1003.39  1004.8  1006.05  1007.15  1008.11  1008.96  1009.7  1010.35  1010.92  1011.44  1011.89  1012.3  1012.67  1012.97  1013.15  1013.23  
623.633  611.906  600.829  591.376  586.659  595.312  636.436  732.813  861.251  949.693  981.206  990.573  994.171  996.425  998.384  1000.23  1001.95  1003.53  1004.93  1006.16  1007.24  1008.18  1009  1009.73  1010.36  1010.93  1011.43  1011.88  1012.29  1012.64  1012.94  1013.12  1013.21  
637.391  625.609  614.279  604.017  596.869  598.762  624.156  696.689  818.493  926.067  974.276  988.72  993.707  996.358  998.454  1000.36  1002.11  1003.68  1005.07  1006.29  1007.34  1008.26  1009.06  1009.76  1010.38  1010.93  1011.43  1011.87  1012.27  1012.62  1012.91  1013.09  1013.2  
650.877  639.088  627.612  616.829  608.086  605.405  619.279  670.468  775.958  894.765  963.446  985.746  992.946  996.224  998.523  1000.51  1002.29  1003.86  1005.24  1006.43  1007.45  1008.34  1009.12  1009.8  1010.4  1010.94  1011.43  1011.86  1012.26  1012.6  1012.89  1013.06  1013.18  
664.066  652.308  640.761  629.652  619.863  614.114  619.834  653.687  737.855  857.985  946.967  981.076  991.725  995.984  998.584  1000.67  1002.49  1004.07  1005.42  1006.58  1007.58  1008.44  1009.18  1009.84  1010.43  1010.95  1011.43  1011.86  1012.24  1012.58  1012.86  1013.04  1013.17  
676.937  665.238  653.675  642.372  631.904  624.105  624.163  644.713  707.463  818.948  923.626  973.906  989.799  995.571  998.622  1000.86  1002.71  1004.29  1005.63  1006.76  1007.72  1008.54  1009.26  1009.89  1010.46  1010.97  1011.43  1011.85  1012.23  1012.57  1012.84  1013.02  1013.16  
689.467  677.852  666.313  654.909  644.007  634.843  631.016  641.788  685.871  781.066  893.994  963.1  986.815  994.89  998.616  1001.06  1002.97  1004.54  1005.85  1006.94  1007.86  1008.65  1009.34  1009.95  1010.49  1010.99  1011.44  1011.85  1012.22  1012.55  1012.82  1013  1013.16  
701.635  690.123  678.641  667.201  656.032  645.966  639.491  643.27  672.292  747.75  860.22  947.244  982.293  993.806  998.535  1001.27  1003.25  1004.82  1006.1  1007.15  1008.03  1008.78  1009.43  1010.01  1010.53  1011  1011.44  1011.84  1012.21  1012.53  1012.8  1012.98  1013.15  
713.42  702.027  690.626  679.199  667.88  657.224  648.953  647.807  665.245  721.468  825.024  925.511  975.583  992.125  998.331  1001.48  1003.56  1005.13  1006.37  1007.37  1008.2  1008.91  1009.52  1010.07  1010.57  1011.03  1011.45  1011.84  1012.2  1012.52  1012.78  1012.96  1013.15  
724.802  713.541  702.242  690.863  679.474  668.444  658.961  654.382  663.229  702.85  791.182  898.564  965.79  989.576  997.937  1001.69  1003.91  1005.48  1006.67  1007.62  1008.39  1009.05  1009.62  1010.14  1010.61  1011.05  1011.46  1011.84  1012.19  1012.51  1012.77  1012.95  1013.14  
735.759  724.642  713.46  702.157  690.758  679.502  669.208  662.25  664.87  691.07  761.418  868.262  951.798  985.81  997.262  1001.87  1004.28  1005.86  1007  1007.88  1008.6  1009.2  1009.73  1010.21  1010.66  1011.08  1011.47  1011.84  1012.19  1012.49  1012.75  1012.94  1013.14  
746.273  735.309  724.256  713.05  701.683  690.305  679.478  670.881  669.045  684.823  737.7  836.814  932.937  980.373  996.18  1001.99  1004.69  1006.27  1007.35  1008.16  1008.81  1009.36  1009.84  1010.29  1010.71  1011.11  1011.49  1011.85  1012.18  1012.48  1012.74  1012.93  1013.14  
756.325  745.519  734.607  723.513  712.21  700.783  689.616  679.895  674.898  682.842  720.582  806.368  909.655  972.663  994.524  1002.03  1005.11  1006.72  1007.74  1008.47  1009.04  1009.53  1009.96  1010.37  1010.76  1011.14  1011.5  1011.85  1012.18  1012.47  1012.72  1012.92  1013.13  
765.895  755.254  744.488  733.519  722.303  710.88  699.507  689.023  681.797  683.971  709.379  779.043  883.391  961.866  992.093  1001.94  1005.55  1007.21  1008.15  1008.79  1009.28  1009.7  1010.09  1010.45  1010.81  1011.17  1011.52  1011.85  1012.17  1012.46  1012.71  1012.91  1013.13  
774.965  764.491  753.877  743.042  731.931  720.549  709.066  698.072  689.28  687.252  702.935  756.515  855.9  947.348  988.646  1001.65  1006  1007.72  1008.59  1009.13  1009.54  1009.89  1010.22  1010.54  1010.87  1011.2  1011.53  1011.86  1012.17  1012.46  1012.7  1012.91  1013.13  
783.517  773.211  762.752  752.057  741.062  729.75  718.223  706.896  697.011  691.944  700.176  739.493  828.775  929.197  983.892  1001.09  1006.43  1008.27  1009.06  1009.49  1009.8  1010.08  1010.35  1010.63  1010.93  1011.24  1011.55  1011.86  1012.17  1012.45  1012.69  1012.9  1013.13  
791.532  781.393  771.091  760.54  749.668  738.444  726.921  715.388  704.744  697.49  700.132  727.656  803.475  908.302  977.46  1000.18  1006.82  1008.84  1009.54  1009.86  1010.08  1010.27  1010.48  1010.72  1010.99  1011.27  1011.57  1011.87  1012.17  1012.44  1012.68  1012.9  1013.13  
798.992  789.018  778.871  768.464  757.722  746.597  735.112  723.461  712.296  703.475  701.971  720.055  781.347  886.006  968.876  998.834  1007.17  1009.42  1010.05  1010.25  1010.36  1010.47  1010.62  1010.81  1011.04  1011.31  1011.59  1011.88  1012.17  1012.44  1012.68  1012.89  1013.13  
805.879  796.065  786.07  775.806  765.193  754.176  742.751  731.044  719.527  709.587  705.024  715.701  763.294  863.574  957.921  997.001  1007.44  1010.01  1010.57  1010.64  1010.64  1010.67  1010.76  1010.9  1011.1  1011.34  1011.61  1011.89  1012.16  1012.43  1012.67  1012.89  1013.13  
812.172  802.511  792.663  782.538  772.054  761.147  749.796  738.076  726.329  715.592  708.784  713.763  749.522  842.016  944.898  994.643  1007.6  1010.58  1011.08  1011.03  1010.92  1010.87  1010.89  1010.99  1011.16  1011.38  1011.63  1011.89  1012.17  1012.43  1012.67  1012.89  1013.13  
817.85  808.334  798.625  788.632  778.272  767.476  756.205  744.502  732.609  721.31  712.862  713.54  739.7  822.126  930.508  991.755  1007.63  1011.11  1011.58  1011.41  1011.19  1011.06  1011.02  1011.08  1011.22  1011.41  1011.64  1011.9  1012.17  1012.42  1012.66  1012.88  1013.13  
822.89  813.507  803.927  794.059  783.816  773.125  761.939  750.27  738.291  726.598  716.959  714.438  733.076  804.528  915.751  988.349  1007.52  1011.6  1012.06  1011.78  1011.46  1011.24  1011.14  1011.16  1011.27  1011.44  1011.66  1011.91  1012.17  1012.42  1012.66  1012.88  1013.13  
827.265  818.002  808.54  798.785  788.649  778.057  766.951  755.326  743.302  731.339  720.843  715.964  728.786  789.727  901.661  984.437  1007.28  1012.03  1012.5  1012.12  1011.7  1011.41  1011.26  1011.24  1011.32  1011.47  1011.68  1011.92  1012.17  1012.42  1012.65  1012.88  1013.13  
830.945  821.787  812.427  802.771  792.73  782.226  771.195  759.618  747.576  735.43  724.326  717.734  726.145  777.973  889.055  980.194  1006.93  1012.39  1012.89  1012.42  1011.92  1011.56  1011.36  1011.3  1011.36  1011.5  1011.69  1011.92  1012.17  1012.42  1012.65  1012.88  1013.13  
833.892  824.821  815.547  805.974  796.013  785.583  774.618  763.086  751.044  738.78  727.257  719.453  724.636  769.197  878.552  976.043  1006.54  1012.68  1013.21  1012.68  1012.1  1011.68  1011.45  1011.36  1011.4  1011.52  1011.7  1011.93  1012.17  1012.42  1012.65  1012.88  1013.13  
836.063  827.059  817.851  808.342  798.443  788.072  777.159  765.666  753.631  741.297  729.501  720.891  723.863  763.176  870.64  972.519  1006.17  1012.89  1013.46  1012.87  1012.24  1011.78  1011.51  1011.4  1011.42  1011.54  1011.71  1011.93  1012.17  1012.42  1012.65  1012.88  1013.13  
837.403  828.421  819.233  809.743  799.861  789.502  778.597  767.102  755.045  742.643  730.663  721.559  723.218  759.381  865.496  970.035  1005.87  1013.01  1013.62  1013  1012.33  1011.84  1011.55  1011.43  1011.44  1011.54  1011.72  1011.93  1012.17  1012.41  1012.65  1012.88  1013.13  
837.858  828.869  819.674  810.176  800.283  789.913  778.993  767.479  755.396  742.952  730.89  721.605  722.817  757.941  863.608  969.086  1005.74  1013.04  1013.68  1013.05  1012.37  1011.87  1011.57  1011.44  1011.44  1011.55  1011.72  1011.93  1012.17  1012.41  1012.64  1012.87  1013.13  
