1013.26  1013.26  1013.26  1013.26  1013.26  1013.26  1013.26  1013.26  1013.26  1013.26  1013.26  1013.26  1013.26  1013.26  1013.26  1013.26  1013.26  1013.26  1013.26  1013.26  1013.26  1013.26  1013.27  1013.34  1013.81  1016.81  1036.66  1152.04  1592.98  2059  2234.49  2329.63  2547.68  2573.82  2319.55  2134.35  1987.85  1862.87  1751.14  1646.83  1543.81  1448.94  1367.14  1291.97  1221.61  1155.18  1092.18  1032.22  975.05  
1013.26  1013.26  1013.26  1013.26  1013.26  1013.26  1013.26  1013.26  1013.26  1013.26  1013.26  1013.26  1013.26  1013.26  1013.26  1013.26  1013.26  1013.26  1013.26  1013.26  1013.26  1013.26  1013.27  1013.34  1013.8  1016.78  1036.4  1150.28  1589.38  2056.15  2231.82  2324.3  2506.51  2519.47  2294.75  2122.43  1983.2  1863.1  1754.98  1653.52  1552.67  1459.69  1379.85  1306.46  1237.59  1172.43  1110.49  1051.43  995.021  
1013.26  1013.26  1013.26  1013.26  1013.26  1013.26  1013.26  1013.26  1013.26  1013.26  1013.26  1013.26  1013.26  1013.26  1013.26  1013.26  1013.26  1013.26  1013.26  1013.26  1013.26  1013.26  1013.27  1013.34  1013.79  1016.68  1035.56  1144.64  1576.4  2043.4  2219.4  2304.21  2430.28  2426.94  2252.36  2102.65  1976.15  1864.56  1762.75  1666.35  1569.43  1479.74  1403.23  1332.93  1266.71  1203.78  1143.74  1086.29  1031.23  
1013.26  1013.26  1013.26  1013.26  1013.26  1013.26  1013.26  1013.26  1013.26  1013.26  1013.26  1013.26  1013.26  1013.26  1013.26  1013.26  1013.26  1013.26  1013.26  1013.26  1013.26  1013.26  1013.27  1013.34  1013.77  1016.52  1034.17  1135.47  1553.61  2019.76  2198.22  2273.57  2365.21  2357.01  2218.01  2086.62  1970.73  1866.31  1769.86  1677.83  1584.57  1497.64  1423.65  1355.95  1291.98  1230.99  1172.59  1116.54  1062.67  
1013.26  1013.26  1013.26  1013.26  1013.26  1013.26  1013.26  1013.26  1013.26  1013.26  1013.26  1013.26  1013.26  1013.26  1013.26  1013.26  1013.26  1013.26  1013.26  1013.26  1013.26  1013.26  1013.27  1013.34  1013.74  1016.31  1032.42  1124.1  1523.3  1988.83  2174.57  2241.94  2309.41  2298.31  2185.4  2069.97  1964.08  1866.63  1775.46  1687.78  1598.35  1514.17  1442.39  1377.15  1315.36  1256.26  1199.5  1144.85  1092.17  
1013.26  1013.26  1013.26  1013.26  1013.26  1013.26  1013.26  1013.26  1013.26  1013.26  1013.26  1013.26  1013.26  1013.26  1013.26  1013.26  1013.26  1013.26  1013.26  1013.26  1013.26  1013.26  1013.27  1013.33  1013.71  1016.06  1030.46  1111.69  1486.51  1951.1  2149.65  2211  2261.23  2248.23  2154.64  2052.96  1956.34  1865.61  1779.62  1696.24  1610.81  1529.41  1459.64  1396.72  1337.06  1279.82  1224.67  1171.43  1119.97  
1013.26  1013.26  1013.26  1013.26  1013.26  1013.26  1013.26  1013.26  1013.26  1013.26  1013.26  1013.26  1013.26  1013.26  1013.26  1013.26  1013.26  1013.26  1013.26  1013.26  1013.26  1013.26  1013.27  1013.33  1013.68  1015.8  1028.46  1099.37  1444.1  1906.56  2123.83  2181.31  2219.19  2204.96  2125.92  2035.98  1947.84  1863.48  1782.53  1703.37  1621.99  1543.42  1475.52  1414.83  1357.22  1301.81  1248.27  1196.44  1146.21  
1013.26  1013.26  1013.26  1013.26  1013.26  1013.26  1013.26  1013.26  1013.26  1013.26  1013.26  1013.26  1013.26  1013.26  1013.26  1013.26  1013.26  1013.26  1013.26  1013.26  1013.26  1013.26  1013.27  1013.32  1013.64  1015.53  1026.55  1088  1396.96  1855.11  2096.96  2153.01  2182.1  2167.15  2099.26  2019.31  1938.85  1860.49  1784.38  1709.35  1632  1556.27  1490.21  1431.63  1376.01  1322.39  1270.44  1220.02  1171.03  
1013.26  1013.26  1013.26  1013.26  1013.26  1013.26  1013.26  1013.26  1013.26  1013.26  1013.26  1013.26  1013.26  1013.26  1013.26  1013.26  1013.26  1013.26  1013.26  1013.26  1013.26  1013.26  1013.27  1013.32  1013.6  1015.27  1024.8  1077.76  1346.34  1797.13  2068.22  2126.01  2149.05  2133.78  2074.6  2003.16  1929.62  1856.85  1785.36  1714.33  1640.93  1568.06  1503.82  1447.26  1393.56  1341.68  1291.31  1242.3  1194.57  
1013.26  1013.26  1013.26  1013.26  1013.26  1013.26  1013.26  1013.26  1013.26  1013.26  1013.26  1013.26  1013.26  1013.26  1013.26  1013.26  1013.26  1013.26  1013.26  1013.26  1013.26  1013.26  1013.27  1013.31  1013.56  1015.02  1023.19  1068.23  1294.49  1733.4  2035.64  2100.11  2119.33  2104.07  2051.82  1987.64  1920.31  1852.73  1785.62  1718.44  1648.88  1578.89  1516.47  1461.83  1409.98  1359.82  1311  1263.4  1216.94  
1013.26  1013.26  1013.26  1013.26  1013.26  1013.26  1013.26  1013.26  1013.26  1013.26  1013.26  1013.26  1013.26  1013.26  1013.26  1013.26  1013.26  1013.26  1013.26  1013.26  1013.26  1013.26  1013.27  1013.31  1013.53  1014.78  1021.69  1059.26  1244.27  1664.45  1996.47  2074.91  2092.36  2077.38  2030.74  1972.79  1911.04  1848.25  1785.29  1721.82  1655.95  1588.83  1528.27  1475.45  1425.38  1376.89  1329.61  1283.41  1238.23  
1013.26  1013.26  1013.26  1013.26  1013.26  1013.26  1013.26  1013.26  1013.26  1013.26  1013.26  1013.26  1013.26  1013.26  1013.26  1013.26  1013.26  1013.26  1013.26  1013.26  1013.26  1013.26  1013.27  1013.3  1013.49  1014.56  1020.32  1050.95  1198.19  1590.75  1948.3  2049.75  2067.54  2053.16  2011.18  1958.61  1901.87  1843.52  1784.47  1724.54  1662.21  1597.96  1539.29  1488.2  1439.86  1392.99  1347.23  1302.43  1258.54  
1013.26  1013.26  1013.26  1013.26  1013.26  1013.26  1013.26  1013.26  1013.26  1013.26  1013.26  1013.26  1013.26  1013.26  1013.26  1013.26  1013.26  1013.26  1013.26  1013.26  1013.26  1013.26  1013.27  1013.3  1013.46  1014.35  1019.09  1043.53  1158.26  1512.98  1889.31  2023.63  2044.29  2030.95  1992.94  1945.07  1892.84  1838.59  1783.22  1726.68  1667.74  1606.34  1549.58  1500.15  1453.48  1408.21  1363.94  1320.53  1277.93  
1013.26  1013.26  1013.26  1013.26  1013.26  1013.26  1013.26  1013.26  1013.26  1013.26  1013.26  1013.26  1013.26  1013.26  1013.26  1013.26  1013.26  1013.26  1013.26  1013.26  1013.26  1013.26  1013.27  1013.29  1013.43  1014.17  1018  1037.21  1125.76  1432.4  1818.42  1994.97  2022.03  2010.39  1975.9  1932.16  1884.01  1833.54  1781.64  1728.32  1672.6  1614.03  1559.22  1511.38  1466.31  1422.6  1379.8  1337.78  1296.49  
1013.26  1013.26  1013.26  1013.26  1013.26  1013.26  1013.26  1013.26  1013.26  1013.26  1013.26  1013.26  1013.26  1013.26  1013.26  1013.26  1013.26  1013.26  1013.26  1013.26  1013.26  1013.26  1013.26  1013.29  1013.4  1014.01  1017.06  1032.01  1100.08  1351.77  1736.54  1960.85  2000.16  1991.23  1959.93  1919.86  1875.4  1828.43  1779.78  1729.53  1676.87  1621.08  1568.23  1521.92  1478.43  1436.23  1394.88  1354.24  1314.27  
1013.26  1013.26  1013.26  1013.26  1013.26  1013.26  1013.26  1013.26  1013.26  1013.26  1013.26  1013.26  1013.26  1013.26  1013.26  1013.26  1013.26  1013.26  1013.26  1013.26  1013.26  1013.26  1013.26  1013.28  1013.38  1013.86  1016.27  1027.78  1079.49  1276.18  1645.88  1916.15  1977.78  1973.16  1944.94  1908.16  1867.05  1823.32  1777.71  1730.36  1680.6  1627.53  1576.66  1531.84  1489.87  1449.16  1409.24  1369.98  1331.34  
1013.26  1013.26  1013.26  1013.26  1013.26  1013.26  1013.26  1013.26  1013.26  1013.26  1013.26  1013.26  1013.26  1013.26  1013.26  1013.26  1013.26  1013.26  1013.26  1013.26  1013.26  1013.26  1013.26  1013.28  1013.36  1013.74  1015.62  1024.36  1062.95  1210.8  1548.68  1855.82  1953.34  1955.68  1930.72  1897  1858.96  1818.22  1775.47  1730.85  1683.84  1633.44  1584.54  1541.18  1500.68  1461.43  1422.93  1385.05  1347.76  
1013.26  1013.26  1013.26  1013.26  1013.26  1013.26  1013.26  1013.26  1013.26  1013.26  1013.26  1013.26  1013.26  1013.26  1013.26  1013.26  1013.26  1013.26  1013.26  1013.26  1013.26  1013.26  1013.26  1013.28  1013.34  1013.64  1015.08  1021.64  1049.97  1158.55  1447.93  1777.41  1924.09  1938.05  1917.06  1886.3  1851.12  1813.15  1773.08  1731.05  1686.64  1638.83  1591.9  1549.96  1510.91  1473.09  1435.99  1399.5  1363.58  
1013.26  1013.26  1013.26  1013.26  1013.26  1013.26  1013.26  1013.26  1013.26  1013.26  1013.26  1013.26  1013.26  1013.26  1013.26  1013.26  1013.26  1013.26  1013.26  1013.26  1013.26  1013.26  1013.26  1013.27  1013.32  1013.56  1014.65  1019.5  1040.03  1118.67  1349.55  1682.55  1884.52  1919.13  1903.69  1876.02  1843.54  1808.16  1770.59  1731  1689.05  1643.74  1598.77  1558.24  1520.6  1484.18  1448.48  1413.38  1378.88  
1013.26  1013.26  1013.26  1013.26  1013.26  1013.26  1013.26  1013.26  1013.26  1013.26  1013.26  1013.26  1013.26  1013.26  1013.26  1013.26  1013.26  1013.26  1013.26  1013.26  1013.26  1013.26  1013.26  1013.27  1013.31  1013.49  1014.3  1017.85  1032.54  1088.49  1261.86  1575.66  1826.92  1896.93  1890.15  1866.07  1836.22  1803.28  1768.05  1730.75  1691.11  1648.21  1605.17  1566.04  1529.79  1494.75  1460.44  1426.76  1393.72  
1013.26  1013.26  1013.26  1013.26  1013.26  1013.26  1013.26  1013.26  1013.26  1013.26  1013.26  1013.26  1013.26  1013.26  1013.26  1013.26  1013.26  1013.26  1013.26  1013.26  1013.26  1013.26  1013.26  1013.27  1013.3  1013.43  1014.03  1016.59  1026.96  1066.04  1191.07  1462.37  1746.13  1867.61  1875.53  1856.26  1829.17  1798.53  1765.49  1730.35  1692.88  1652.27  1611.14  1573.4  1538.5  1504.83  1471.93  1439.7  1408.18  
1013.26  1013.26  1013.26  1013.26  1013.26  1013.26  1013.26  1013.26  1013.26  1013.26  1013.26  1013.26  1013.26  1013.26  1013.26  1013.26  1013.26  1013.26  1013.26  1013.26  1013.26  1013.26  1013.26  1013.27  1013.29  1013.39  1013.83  1015.64  1022.87  1049.74  1137.49  1352.16  1643.57  1823.16  1858.01  1846.2  1822.3  1793.93  1762.95  1729.82  1694.41  1655.97  1616.69  1580.34  1546.78  1514.47  1482.98  1452.26  1422.35  
1013.26  1013.26  1013.26  1013.26  1013.26  1013.26  1013.26  1013.26  1013.26  1013.26  1013.26  1013.26  1013.26  1013.26  1013.26  1013.26  1013.26  1013.26  1013.26  1013.26  1013.26  1013.26  1013.26  1013.26  1013.28  1013.36  1013.67  1014.94  1019.91  1038.11  1098.11  1256.52  1525.42  1753.26  1833.55  1834.8  1815.33  1789.4  1760.39  1729.16  1695.68  1659.31  1621.84  1586.87  1554.63  1523.68  1493.65  1464.5  1436.33  
1013.26  1013.26  1013.26  1013.26  1013.26  1013.26  1013.26  1013.26  1013.26  1013.26  1013.26  1013.26  1013.26  1013.26  1013.26  1013.26  1013.26  1013.26  1013.26  1013.26  1013.26  1013.26  1013.26  1013.26  1013.28  1013.33  1013.55  1014.43  1017.8  1029.94  1070.03  1181.28  1402.15  1653.72  1793.28  1819.49  1807.45  1784.63  1757.71  1728.32  1696.68  1662.28  1626.57  1592.98  1562.06  1532.49  1503.97  1476.51  1450.24  
1013.26  1013.26  1013.26  1013.26  1013.26  1013.26  1013.26  1013.26  1013.26  1013.26  1013.26  1013.26  1013.26  1013.26  1013.26  1013.26  1013.26  1013.26  1013.26  1013.26  1013.26  1013.26  1013.26  1013.26  1013.27  1013.31  1013.47  1014.07  1016.31  1024.29  1050.53  1125.51  1289.18  1530.53  1724.82  1795.1  1797.08  1779.15  1754.72  1727.22  1697.37  1664.87  1630.88  1598.66  1569.07  1540.93  1514.01  1488.39  1464.22  
