1440.8  1453.11  1330.85  1242.28  1171.67  1110.79  1055.96  1005.31  957.71  912.198  866.996  822.42  781.492  744.312  709.208  675.694  643.53  612.565  582.7  553.859  525.988  499.042  472.987  447.794  423.437  399.897  377.164  355.291  334.859  321.394  352.202  575.784  923.06  
1420.99  1426.49  1318.64  1236.24  1169.11  1110.59  1057.55  1008.34  961.963  917.509  873.276  829.486  789.272  752.859  718.442  685.531  653.893  623.386  593.917  565.416  537.831  511.122  485.255  460.202  435.942  412.455  389.733  367.825  347.262  332.847  355.914  556.3  884.636  
1384.77  1381.73  1298.15  1226.55  1165.49  1111.07  1061.14  1014.47  970.232  927.651  885.212  842.843  803.807  768.704  735.494  703.645  672.935  643.237  614.467  586.566  559.487  533.194  507.659  482.856  458.767  435.374  412.671  390.699  369.883  353.668  363.579  513.432  806.385  
1354.4  1348.56  1281.97  1219.05  1163.03  1112.07  1064.79  1020.27  977.866  936.907  896.126  855.072  816.93  782.824  750.626  719.688  689.778  660.78  632.619  605.241  578.607  552.684  527.447  502.874  478.948  455.654  432.985  410.976  389.951  372.299  373.096  470.349  725.857  
1328.46  1320.8  1266.52  1211.16  1159.92  1112.34  1067.67  1025.29  984.708  945.362  906.233  866.607  829.334  796.042  764.808  734.759  705.642  677.344  649.796  622.952  596.777  571.242  546.326  522.008  498.275  475.113  452.517  430.512  409.342  390.686  384.897  439.768  646.401  
1306.14  1297.18  1251.91  1203.03  1156.22  1111.92  1069.82  1029.56  990.788  953.05  915.536  877.465  841.097  808.458  778.131  748.949  720.618  693.02  666.093  639.794  614.092  588.965  564.391  540.356  516.845  493.848  471.36  449.401  428.15  408.784  398.148  426.024  573.822  
1286.7  1276.81  1238.23  1194.86  1152.11  1110.92  1071.32  1033.14  996.163  960.022  924.081  887.644  852.253  820.169  790.674  762.331  734.775  707.878  681.576  655.832  630.619  605.917  581.708  557.979  534.718  511.917  489.571  467.695  446.422  426.575  412.679  424.133  516.918  
1269.6  1259.05  1225.52  1186.82  1147.73  1109.46  1072.26  1036.12  1000.9  966.338  931.935  897.135  862.823  831.281  802.511  774.974  748.182  721.983  696.311  671.131  646.42  622.159  598.335  574.935  551.951  529.375  507.203  485.446  464.203  444.051  427.996  428.628  481.768  
1254.37  1243.39  1213.76  1179  1143.21  1107.66  1072.75  1038.58  1005.07  972.057  939.157  905.944  872.834  841.883  813.712  786.944  760.9  735.395  710.357  685.75  661.552  637.748  614.327  591.279  568.596  546.272  524.303  502.7  481.533  461.211  443.745  437.326  464.913  
1240.68  1229.45  1202.88  1171.47  1138.63  1105.61  1072.86  1040.57  1008.74  977.238  945.799  914.102  882.306  852.027  824.346  798.301  772.987  748.17  723.766  699.738  676.065  652.733  629.733  607.056  584.697  562.651  540.914  519.495  498.447  478.058  459.69  448.721  460.16  
1228.26  1216.92  1192.82  1164.27  1134.06  1103.36  1072.66  1042.17  1011.95  981.931  951.912  921.663  891.243  861.735  834.489  809.101  784.493  760.356  736.587  713.143  690.004  667.156  644.593  622.307  600.294  578.549  557.072  535.867  514.975  494.603  475.682  461.806  463.244  
1216.92  1205.58  1183.51  1157.4  1129.55  1100.99  1072.2  1043.43  1014.77  986.182  957.541  928.681  899.634  871.015  844.22  819.396  795.466  771.998  748.861  726.004  703.407  681.055  658.944  637.066  615.419  593.999  572.805  551.843  531.142  510.851  491.622  475.915  471.19  
1206.49  1195.23  1174.86  1150.87  1125.13  1098.53  1071.53  1044.4  1017.23  990.033  962.726  935.2  907.479  879.877  853.597  829.236  805.948  783.134  760.624  738.357  716.308  694.462  672.815  651.362  630.099  609.025  588.139  567.445  546.966  526.813  507.447  490.614  482.085  
1196.85  1185.73  1166.82  1144.67  1120.82  1096.02  1070.7  1045.11  1019.37  993.519  967.503  941.257  914.806  888.317  862.641  838.672  815.978  793.799  771.91  750.233  728.735  707.405  686.234  665.219  644.358  623.649  603.092  582.692  562.465  542.494  523.117  505.623  494.736  
1187.89  1176.96  1159.32  1138.8  1116.63  1093.48  1069.73  1045.6  1021.23  996.672  971.902  946.887  921.652  896.311  871.35  847.767  825.594  804.026  782.747  761.657  740.715  719.906  699.221  678.658  658.214  637.888  617.682  597.597  577.649  557.9  538.605  520.758  508.409  
1179.53  1168.84  1152.31  1133.22  1112.59  1090.95  1068.65  1045.9  1022.84  999.523  975.953  952.121  928.054  903.843  879.717  856.573  834.83  813.841  793.161  772.654  752.268  731.985  711.795  691.695  671.682  651.757  631.919  612.171  592.527  573.033  553.892  535.902  522.652  
1171.72  1161.28  1145.75  1127.94  1108.68  1088.43  1067.49  1046.04  1024.22  1002.1  979.683  956.987  934.04  910.917  887.731  865.107  843.727  823.275  803.175  783.243  763.414  743.66  723.972  704.344  684.775  665.264  645.812  626.422  607.103  587.896  568.963  550.976  537.182  
1164.39  1154.23  1139.59  1122.93  1104.92  1085.95  1066.26  1046.05  1025.41  1004.42  983.115  961.51  939.638  917.562  895.359  873.361  852.335  832.353  812.81  793.444  774.167  754.945  735.763  716.616  697.501  678.418  659.368  640.352  621.381  602.486  583.806  565.926  551.822  
1157.5  1147.62  1133.81  1118.18  1101.31  1083.51  1065  1045.93  1026.41  1006.51  986.271  965.713  944.873  923.805  902.574  881.318  860.698  841.104  822.086  803.272  784.543  765.852  747.18  728.519  709.868  691.224  672.589  653.965  635.359  616.801  598.41  580.711  566.454  
1151.02  1141.43  1128.36  1113.67  1097.84  1081.12  1063.71  1045.72  1027.26  1008.4  989.172  969.618  949.767  929.669  909.378  888.955  868.822  849.561  831.023  812.744  794.553  776.39  758.229  740.06  721.879  703.685  685.477  667.258  649.035  630.834  612.763  595.302  581.001  
1144.9  1135.61  1123.23  1109.4  1094.52  1078.8  1062.4  1045.42  1027.97  1010.09  991.837  973.243  954.342  935.175  915.79  896.233  876.691  857.77  839.645  821.873  804.21  786.57  768.92  751.245  733.539  715.802  698.032  680.231  662.406  644.581  626.855  609.674  595.407  
1139.13  1130.13  1118.39  1105.35  1091.34  1076.55  1061.09  1045.06  1028.55  1011.61  994.284  976.608  958.615  940.343  921.833  903.125  884.281  865.759  847.975  830.676  813.523  796.399  779.256  762.076  744.85  727.575  710.251  692.879  675.465  658.031  640.672  623.806  609.629  
1133.68  1124.97  1113.83  1101.51  1088.31  1074.36  1059.78  1044.65  1029.03  1012.97  996.53  979.73  962.606  945.191  927.523  909.636  891.557  873.522  856.048  839.168  822.504  805.883  789.243  772.556  755.811  739.003  722.131  705.197  688.205  671.177  654.203  637.677  623.633  
1128.53  1120.11  1109.52  1097.87  1085.41  1072.25  1058.49  1044.19  1029.41  1014.2  998.59  982.625  966.331  949.737  932.878  915.783  898.476  881.032  863.901  847.371  831.163  815.032  798.886  782.688  766.423  750.084  733.669  717.178  700.617  684.007  667.433  651.268  637.391  
1123.67  1115.53  1105.46  1094.43  1082.65  1070.23  1057.22  1043.7  1029.71  1015.29  1000.48  985.309  969.805  953.998  937.914  921.583  905.025  888.256  871.541  855.309  839.515  823.851  808.187  792.473  776.685  760.816  744.86  728.817  712.694  696.51  680.348  664.561  650.877  
1119.07  1111.21  1101.62  1091.16  1080.02  1068.28  1055.98  1043.19  1029.94  1016.27  1002.21  987.794  973.044  957.987  942.647  927.049  911.213  895.148  878.945  863.019  847.575  832.35  817.153  801.912  786.597  771.194  755.697  740.106  724.425  708.674  692.933  677.536  664.066  
1114.73  1107.13  1098  1088.08  1077.53  1066.41  1054.77  1042.66  1030.11  1017.14  1003.8  990.095  976.062  961.719  947.091  932.197  917.055  901.678  886.077  870.518  855.365  840.538  825.787  811.008  796.157  781.216  766.177  751.036  735.8  720.486  705.174  690.176  676.937  
1110.63  1103.29  1094.59  1085.16  1075.16  1064.62  1053.6  1042.13  1030.22  1017.92  1005.25  992.225  978.871  965.209  951.258  937.038  922.565  907.849  892.891  877.787  862.915  848.429  834.096  819.761  805.364  790.878  776.292  761.601  746.808  731.935  717.054  702.463  689.467  
1106.76  1099.68  1091.37  1082.41  1072.91  1062.92  1052.47  1041.59  1030.3  1018.62  1006.58  994.194  981.484  968.468  955.164  941.587  927.754  913.673  899.349  884.789  870.249  856.042  842.087  828.175  814.218  800.177  786.037  771.79  757.441  743.006  728.559  714.376  701.635  
1103.12  1096.28  1088.35  1079.81  1070.79  1061.31  1051.39  1041.06  1030.34  1019.24  1007.8  996.014  983.913  971.509  958.818  945.855  932.633  919.162  905.445  891.477  877.349  863.403  849.773  836.254  822.718  809.11  795.406  781.598  767.686  753.688  739.674  725.9  713.42  
1099.69  1093.08  1085.5  1077.37  1068.79  1059.77  1050.35  1040.53  1030.35  1019.8  1008.91  997.695  986.167  974.342  962.234  949.854  937.215  924.325  911.19  897.807  884.178  870.536  857.168  844.004  830.866  817.674  804.395  791.015  777.534  763.967  750.382  737.015  724.802  
1096.46  1090.08  1082.83  1075.08  1066.9  1058.32  1049.36  1040.02  1030.33  1020.29  1009.93  999.246  988.258  976.979  965.42  953.594  941.509  929.174  916.595  903.769  890.686  877.425  864.298  851.435  838.663  825.867  812.998  800.035  786.975  773.832  760.669  747.703  735.759  
1093.44  1087.27  1080.33  1072.92  1065.12  1056.95  1048.41  1039.52  1030.3  1020.74  1010.86  1000.67  990.194  979.429  968.389  957.084  945.525  933.717  921.667  909.373  896.828  884.028  871.182  858.56  846.116  833.689  821.21  808.65  795.998  783.269  770.52  757.948  746.273  
1090.61  1084.64  1077.99  1070.91  1063.46  1055.66  1047.52  1039.04  1030.25  1021.13  1011.71  1001.99  991.984  981.7  971.148  960.336  949.272  937.964  926.415  914.627  902.593  890.297  877.803  865.401  853.229  841.14  829.029  816.852  804.595  792.267  779.921  767.732  756.325  
1087.96  1082.19  1075.8  1069.02  1061.9  1054.45  1046.68  1038.59  1030.18  1021.48  1012.48  1003.2  993.635  983.802  973.706  963.357  952.76  941.922  930.847  919.537  907.987  896.185  884.119  871.974  860.016  848.223  836.451  824.637  812.756  800.814  788.856  777.039  765.895  
1085.5  1079.91  1073.77  1067.27  1060.45  1053.32  1045.88  1038.15  1030.11  1021.79  1013.19  1004.3  995.154  985.74  976.071  966.154  955.995  945.599  934.97  924.111  913.017  901.681  890.078  878.258  866.494  854.942  843.474  831.996  820.472  808.897  797.312  785.851  774.965  
1083.22  1077.8  1071.89  1065.65  1059.11  1052.27  1045.14  1037.73  1030.04  1022.07  1013.82  1005.32  996.546  987.522  978.249  968.735  958.983  949.001  938.79  928.353  917.689  906.789  895.635  884.208  872.675  861.304  850.098  838.926  827.733  816.505  805.274  794.153  783.517  
1081.1  1075.85  1070.15  1064.15  1057.86  1051.29  1044.45  1037.34  1029.96  1022.31  1014.4  1006.23  997.816  989.152  980.246  971.105  961.732  952.134  942.312  932.27  922.005  911.513  900.778  889.772  878.531  867.324  856.323  845.42  834.53  823.626  812.728  801.928  791.532  
1079.16  1074.05  1068.55  1062.77  1056.71  1050.39  1043.81  1036.97  1029.87  1022.52  1014.92  1007.06  998.97  990.635  982.067  973.269  964.246  955.002  945.54  935.863  925.97  915.856  905.509  894.906  884.017  873.006  862.151  851.473  840.854  830.248  819.659  809.16  798.992  
1077.39  1072.42  1067.1  1061.51  1055.66  1049.57  1043.22  1036.63  1029.79  1022.7  1015.38  1007.81  1000.01  991.975  983.714  975.23  966.527  957.608  948.477  939.136  929.584  919.818  909.829  899.596  889.082  878.318  867.589  857.081  846.695  836.357  826.052  815.831  805.879  
1075.78  1070.93  1065.77  1060.36  1054.71  1048.81  1042.68  1036.31  1029.7  1022.86  1015.78  1008.47  1000.93  993.173  985.191  976.991  968.578  959.955  951.125  942.089  932.849  923.4  913.736  903.84  893.679  883.215  872.634  862.237  852.042  841.938  831.89  821.923  812.172  
1074.33  1069.6  1064.59  1059.33  1053.85  1048.13  1042.19  1036.02  1029.61  1022.98  1016.13  1009.05  1001.75  994.231  986.498  978.553  970.4  962.042  953.482  944.721  935.761  926.599  917.229  907.635  897.791  887.647  877.252  866.935  856.881  846.977  837.155  827.417  817.85  
1073.05  1068.42  1063.53  1058.42  1053.08  1047.52  1041.75  1035.75  1029.52  1023.08  1016.42  1009.55  1002.45  995.149  987.635  979.914  971.991  963.867  955.546  947.03  938.318  929.41  920.299  910.975  901.412  891.565  881.394  871.164  861.195  851.453  841.827  832.29  822.89  
1071.93  1067.39  1062.61  1057.62  1052.41  1046.99  1041.35  1035.5  1029.43  1023.15  1016.66  1009.96  1003.05  995.925  988.6  981.074  973.349  965.428  957.314  949.008  940.512  931.825  922.94  913.849  904.529  894.94  885.013  874.888  864.962  855.344  845.882  836.519  827.265  
1070.99  1066.52  1061.83  1056.93  1051.83  1046.52  1041  1035.28  1029.34  1023.2  1016.85  1010.29  1003.52  996.556  989.39  982.026  974.467  966.717  958.777  950.649  942.335  933.833  925.139  916.244  907.129  897.756  888.057  878.053  868.157  858.623  849.292  840.073  830.945  
1070.21  1065.8  1061.19  1056.37  1051.35  1046.13  1040.71  1035.08  1029.25  1023.21  1016.97  1010.53  1003.88  997.039  989.999  982.765  975.339  967.725  959.924  951.94  943.771  935.419  926.878  918.141  909.191  899.992  890.481  880.603  870.74  861.254  852.023  842.919  833.892  
1069.63  1065.26  1060.69  1055.94  1050.98  1045.82  1040.47  1034.91  1029.16  1023.2  1017.04  1010.68  1004.12  997.371  990.424  983.286  975.959  968.445  960.748  952.869  944.809  936.567  928.14  919.521  910.692  901.623  892.25  882.485  872.657  863.193  854.033  845.013  836.063  
1069.51  1065.17  1060.64  1055.92  1051.01  1045.9  1040.59  1035.08  1029.36  1023.45  1017.34  1011.04  1004.53  997.828  990.934  983.848  976.575  969.116  961.473  953.649  945.644  937.459  929.09  920.529  911.761  902.755  893.45  883.745  873.924  864.45  855.313  846.325  837.403  
1069.63  1065.31  1060.8  1056.1  1051.2  1046.1  1040.81  1035.31  1029.62  1023.72  1017.63  1011.33  1004.84  998.156  991.276  984.205  976.944  969.498  961.868  954.055  946.062  937.888  929.53  920.979  912.221  903.226  893.932  884.237  874.407  864.916  855.773  846.784  837.858  
