1464.22  1441.58  1420.39  1400.45  1381.45  1363  1344.68  1326.15  1307.1  1287.32  1266.69  1245.13  1222.65  1199.29  1175.27  1151.41  1132.31  1117.37  1102.03  1086.17  1069.66  1052.4  1034.32  1015.41  995.837  976.215  958.348  947.042  953.562  997.819  1096.7  1234.38  1358.8  1429.7  1449.4  1439.85  1417.19  1388.65  1356.97  1323.29  1288.54  1253.74  1220.25  1189.8  1164.56  1146.81  1138.12  1137.89  1139.62  
1478.5  1458.49  1440.09  1422.92  1406.53  1390.38  1374.03  1357.07  1339.26  1320.42  1300.48  1279.44  1257.35  1234.3  1210.53  1186.87  1167.61  1152.16  1136.27  1119.81  1102.65  1084.7  1065.86  1046.08  1025.45  1004.36  984.01  967.659  963.289  986.81  1057.86  1176.84  1305.58  1395.65  1432.41  1431.94  1412.95  1385.69  1354.43  1320.94  1286.35  1251.8  1218.72  1188.94  1164.67  1148.12  1140.64  1141.28  1143.31  
1493.32  1476.31  1460.97  1446.73  1432.96  1419.01  1404.4  1388.78  1371.93  1353.77  1334.32  1313.63  1291.8  1268.98  1245.41  1221.93  1202.5  1186.54  1170.1  1153.07  1135.3  1116.68  1097.1  1076.51  1054.93  1032.6  1010.33  990.34  978.181  985.866  1031.9  1127.04  1250  1353.88  1408.96  1420.51  1407.08  1381.97  1351.47  1318.29  1283.92  1249.67  1217.09  1188.08  1164.89  1149.66  1143.48  1145.02  1147.36  
1509.02  1495.39  1483.37  1472.14  1460.87  1448.89  1435.72  1421.09  1404.9  1387.18  1368.01  1347.52  1325.86  1303.19  1279.8  1256.48  1236.88  1220.42  1203.46  1185.87  1167.51  1148.25  1127.98  1106.62  1084.15  1060.75  1036.95  1014.26  996.535  992.523  1017.79  1087.78  1196.45  1306.3  1378.42  1404.46  1398.89  1377.14  1347.93  1315.27  1281.22  1247.35  1215.34  1187.21  1165.23  1151.46  1146.67  1149.14  1151.76  
1526.01  1516.14  1507.62  1499.33  1490.32  1479.92  1467.79  1453.78  1437.94  1420.41  1401.35  1380.95  1359.38  1336.83  1313.59  1290.43  1270.67  1253.73  1236.27  1218.15  1199.22  1179.34  1158.4  1136.3  1113.02  1088.66  1063.58  1038.85  1017.11  1004.62  1013.59  1060.07  1148.89  1255.99  1341.09  1382.8  1387.51  1370.73  1343.58  1311.78  1278.21  1244.82  1213.48  1186.35  1165.74  1153.56  1150.25  1153.64  1156.53  
1544.77  1539.02  1534.01  1528.39  1521.2  1511.91  1500.35  1486.6  1470.83  1453.29  1434.2  1413.8  1392.28  1369.82  1346.72  1323.73  1303.81  1286.41  1268.47  1249.84  1230.35  1209.87  1188.27  1165.46  1141.41  1116.18  1090.03  1063.7  1039.03  1020.43  1017.1  1043.38  1110.15  1206.69  1298.44  1354.99  1372.01  1362.11  1338.11  1307.67  1274.82  1242.04  1211.51  1185.52  1166.44  1156  1154.25  1158.54  1161.68  
1565.83  1564.43  1562.73  1559.29  1553.33  1544.57  1533.14  1519.29  1503.36  1485.65  1466.46  1446  1424.49  1402.11  1379.16  1356.31  1336.25  1318.41  1300  1280.85  1260.82  1239.74  1217.51  1194.02  1169.25  1143.22  1116.14  1088.52  1061.66  1038.68  1026.27  1036.23  1081.51  1161.93  1252.98  1321.25  1351.6  1350.56  1331.08  1302.73  1270.94  1238.99  1209.42  1184.76  1167.38  1158.84  1158.7  1163.87  1167.21  
1589.81  1592.71  1593.8  1591.83  1586.39  1577.61  1565.89  1551.68  1535.4  1517.42  1498.04  1477.5  1455.98  1433.68  1410.85  1388.16  1367.95  1349.66  1330.78  1311.12  1290.54  1268.88  1246.02  1221.88  1196.42  1169.67  1141.77  1113.1  1084.59  1058.41  1039.4  1036.72  1062.9  1124.4  1207.81  1282.73  1325.83  1335.3  1321.96  1296.66  1266.45  1235.6  1207.22  1184.09  1168.62  1162.12  1163.65  1169.63  1173.11  
1617.27  1624.02  1627.04  1625.65  1620.03  1610.73  1598.39  1583.61  1566.86  1548.54  1528.94  1508.27  1486.73  1464.49  1441.79  1419.22  1398.85  1380.11  1360.75  1340.57  1319.43  1297.18  1273.71  1248.94  1222.83  1195.41  1166.8  1137.27  1107.47  1078.96  1055.17  1042.99  1053.24  1095.56  1166.04  1241.47  1294.88  1315.7  1310.1  1289.08  1261.15  1231.81  1204.89  1183.54  1170.21  1165.9  1169.12  1175.81  1179.38  
1648.65  1658.27  1662.07  1660.36  1653.96  1643.74  1630.54  1615.04  1597.73  1579.01  1559.14  1538.33  1516.74  1494.53  1471.93  1449.46  1428.9  1409.7  1389.82  1369.11  1347.4  1324.56  1300.48  1275.1  1248.39  1220.37  1191.13  1160.88  1130.09  1099.84  1072.59  1053.38  1050.97  1075.62  1130.13  1200.08  1259.69  1291.39  1294.9  1279.5  1254.76  1227.49  1202.41  1183.14  1172.21  1170.25  1175.15  1182.42  1185.98  
1684  1695.06  1698.41  1695.56  1687.9  1676.53  1662.35  1646.01  1628.02  1608.83  1588.64  1567.65  1545.98  1523.78  1501.24  1478.82  1458.04  1438.33  1417.92  1396.64  1374.35  1350.91  1326.24  1300.28  1273.01  1244.45  1214.67  1183.83  1152.26  1120.71  1090.93  1066.58  1054.42  1063.9  1101.57  1161.2  1221.96  1262.58  1275.81  1267.42  1246.96  1222.48  1199.75  1182.95  1174.69  1175.22  1181.75  1189.43  1192.88  
1723  1733.92  1735.68  1730.98  1721.65  1708.96  1693.74  1676.56  1657.86  1638.07  1617.48  1596.22  1574.43  1552.18  1529.66  1507.26  1486.19  1465.93  1444.94  1423.06  1400.15  1376.11  1350.86  1324.36  1296.59  1267.56  1237.33  1206  1173.82  1141.3  1109.67  1081.55  1062.04  1059.12  1080.78  1127.04  1183.84  1230.05  1252.62  1252.3  1237.36  1216.58  1196.83  1182.97  1177.72  1180.85  1188.93  1196.81  1200.04  
1765.19  1774.46  1773.61  1766.46  1755.14  1740.9  1724.53  1706.52  1687.18  1666.82  1645.71  1624.07  1602.06  1579.71  1557.15  1534.67  1513.26  1492.39  1470.76  1448.23  1424.69  1400.05  1374.24  1347.24  1319.02  1289.6  1259.01  1227.31  1194.65  1161.4  1128.39  1097.51  1072.52  1059.83  1067.34  1099.02  1147.59  1195.22  1225.51  1233.78  1225.52  1209.52  1193.56  1183.23  1181.35  1187.2  1196.68  1204.52  1207.39  
1809.83  1816.16  1811.85  1801.79  1788.22  1772.28  1754.64  1735.72  1715.75  1694.93  1673.37  1651.26  1628.87  1606.31  1583.62  1560.99  1539.13  1517.58  1495.24  1472.01  1447.81  1422.57  1396.24  1368.8  1340.21  1310.48  1279.61  1247.63  1214.63  1180.82  1146.8  1113.88  1084.82  1064.61  1060.26  1077.67  1115.13  1159.9  1195.21  1211.72  1211.08  1201.01  1189.82  1183.73  1185.63  1194.28  1204.97  1212.48  1214.87  
1855.73  1858.26  1849.92  1836.64  1820.64  1802.9  1783.93  1764.03  1743.36  1722.06  1700.18  1677.75  1654.92  1631.97  1609  1586.1  1563.7  1541.34  1518.2  1494.22  1469.35  1443.53  1416.72  1388.9  1360.04  1330.09  1299.05  1266.89  1233.63  1199.42  1164.62  1130.18  1098.11  1072.18  1058.27  1062.77  1087.77  1126  1162.91  1186.35  1193.79  1190.79  1185.47  1184.45  1190.59  1202.08  1213.74  1220.61  1222.39  
1901.07  1899.65  1887.05  1870.45  1851.99  1832.43  1812.13  1791.23  1769.84  1748.01  1725.78  1703.15  1680.09  1656.72  1633.29  1609.93  1586.8  1563.49  1539.44  1514.64  1489.08  1462.72  1435.51  1407.41  1378.37  1348.32  1317.2  1284.95  1251.54  1217.02  1181.64  1146.06  1111.73  1081.5  1060.09  1053.53  1066.06  1095.17  1130.15  1158.34  1173.64  1178.61  1180.33  1185.33  1196.2  1210.56  1222.9  1228.82  1229.84  
1943.42  1938.81  1922.18  1902.43  1881.66  1860.42  1838.85  1817.02  1794.93  1772.58  1749.98  1727.1  1703.93  1680.39  1656.49  1632.44  1608.32  1583.82  1558.7  1533.02  1506.78  1479.94  1452.43  1424.17  1395.08  1365.04  1333.95  1301.7  1268.22  1233.48  1197.66  1161.2  1125.18  1091.72  1064.54  1048.9  1049.91  1068.58  1098.56  1128.78  1150.95  1164.41  1174.29  1186.29  1202.41  1219.61  1232.31  1236.96  1237.13  
1980.11  1973.97  1954.05  1931.69  1909  1886.34  1863.71  1841.06  1818.35  1795.52  1772.55  1749.42  1726.09  1702.48  1678.38  1653.63  1628.18  1602.11  1575.67  1549.05  1522.17  1494.94  1467.27  1439.01  1410.02  1380.13  1349.18  1317.02  1283.52  1248.65  1212.49  1175.36  1138.06  1102.18  1070.61  1047.75  1038.76  1046.8  1069.58  1099.01  1126.4  1148.33  1167.26  1187.24  1209.08  1229.06  1241.78  1244.91  1244.11  
2008.87  2003.38  1981.44  1957.34  1933.35  1909.69  1886.28  1863  1839.77  1816.53  1793.23  1769.85  1746.35  1722.62  1698.43  1673.25  1646.31  1618.1  1590  1562.35  1534.9  1507.46  1479.81  1451.75  1423.05  1393.46  1362.77  1330.79  1297.35  1262.4  1225.98  1188.34  1150.07  1112.38  1077.51  1049.05  1031.74  1029.88  1044.29  1070.48  1101.03  1130.8  1159.32  1188.05  1216.01  1238.66  1251.1  1252.48  1250.67  
2028.21  2025.69  2003.37  1978.67  1954.12  1929.95  1906.07  1882.37  1858.76  1835.17  1811.58  1787.98  1764.32  1740.49  1716.2  1690.7  1662.28  1631.41  1601.17  1572.47  1544.62  1517.23  1489.91  1462.34  1434.15  1405.05  1374.74  1343.01  1309.69  1274.7  1238.09  1200.04  1161.02  1121.97  1084.63  1051.9  1027.95  1017.42  1023.3  1044.55  1076.16  1112.6  1150.7  1188.63  1222.91  1248.05  1259.96  1259.49  1256.66  
2037.54  2040.07  2019.12  1994.93  1970.54  1946.32  1922.28  1898.36  1874.51  1850.68  1826.86  1803.08  1779.35  1755.52  1731.23  1705.53  1675.34  1641.25  1608.64  1579.04  1551.19  1524.31  1497.79  1471.06  1443.67  1415.2  1385.36  1353.91  1320.69  1285.66  1248.84  1210.42  1170.79  1130.68  1091.5  1055.56  1026.47  1008.79  1006.8  1022.28  1053.19  1094.8  1141.85  1188.9  1229.4  1256.82  1268.03  1265.71  1261.91  
2036.47  2045.79  2027.6  2004.78  1981.1  1957.26  1933.4  1909.55  1885.69  1861.8  1837.88  1814.08  1790.46  1766.84  1742.89  1717.55  1684.92  1646.85  1612.41  1582.64  1555.63  1530.05  1504.86  1479.29  1452.78  1424.91  1395.38  1364.01  1330.7  1295.44  1258.29  1219.43  1179.2  1138.23  1097.64  1059.35  1026.43  1003.21  994.58  1004.41  1033.5  1078.69  1133.45  1188.86  1235.07  1264.44  1274.9  1270.91  1266.26  
2024.98  2042.85  2028.05  2006.96  1984.32  1961.14  1937.7  1914.1  1890.36  1866.44  1842.33  1818.4  1794.89  1771.54  1748.08  1724.19  1689.49  1647.87  1613.79  1585.94  1561.29  1537.72  1513.92  1489.11  1462.85  1434.85  1404.95  1373.08  1339.22  1303.41  1265.73  1226.35  1185.58  1143.94  1102.36  1062.47  1026.94  999.794  986.193  991.332  1018.28  1065.65  1126.34  1188.57  1239.46  1270.37  1280.18  1274.86  1269.53  
2060.73  2071.51  2041.71  2005.03  1967.18  1929.25  1891.46  1853.91  1816.63  1779.53  1742.39  1706.09  1671.33  1637.59  1604.99  1576.23  1558.28  1550.55  1545.97  1540.71  1532.12  1519.44  1502.85  1482.78  1459.61  1433.61  1405.01  1373.96  1340.63  1305.13  1267.62  1228.31  1187.49  1145.66  1103.66  1062.96  1026.03  996.697  980.238  982.619  1008.37  1057.38  1122.29  1189.25  1243.21  1274.87  1283.94  1277.49  1271.62  
2104.77  2103.68  2057.15  2003.99  1950.39  1897.33  1844.96  1793.34  1742.48  1692.26  1642.29  1593.78  1547.76  1503.57  1461.6  1426.91  1426.39  1453.89  1477.8  1493.4  1499.24  1496.32  1486.36  1470.89  1450.98  1427.35  1400.48  1370.71  1338.3  1303.48  1266.46  1227.48  1186.86  1145.11  1103.07  1062.18  1024.85  994.878  977.589  979.223  1004.82  1054.7  1121.36  1190.12  1245.12  1276.89  1285.51  1278.49  1272.37  
