-3.5 0.628866
-3.28973 0.628866
-3.09047 0.628866
-2.90188 0.628866
-2.7236 0.628866
-2.55529 0.628866
-2.39659 0.628866
-2.24716 0.628866
-2.10664 0.628866
-1.97469 0.628866
-1.85096 0.628866
-1.7351 0.628866
-1.62675 0.628866
-1.52557 0.628866
-1.43121 0.628866
-1.34331 0.628866
-1.26154 0.628866
-1.18553 0.628866
-1.11495 0.628866
-1.04943 0.628866
-0.988636 0.628866
-0.932212 0.628866
-0.879808 0.628866
-0.831075 0.628866
-0.785664 0.628866
-0.743226 0.628866
-0.703409 0.628866
-0.665865 0.628866
-0.630245 0.628866
-0.596198 0.628866
-0.563374 0.628866
-0.531425 0.628866
-0.5 0.628866
-0.46875 0.639797
-0.4375 0.649922
-0.40625 0.659263
-0.375 0.66784
-0.34375 0.675671
-0.3125 0.682773
-0.28125 0.689159
-0.25 0.694841
-0.21875 0.699832
-0.1875 0.704138
-0.15625 0.70777
-0.125 0.710732
-0.09375 0.713031
-0.0625 0.71467
-0.03125 0.715652
-3.5 0.666136
-3.28973 0.666136
-3.09047 0.666136
-2.90188 0.666136
-2.7236 0.666136
-2.55529 0.666136
-2.39659 0.666136
-2.24716 0.666136
-2.10664 0.666136
-1.97469 0.666136
-1.85096 0.666136
-1.7351 0.666136
-1.62675 0.666136
-1.52557 0.666136
-1.43121 0.666136
-1.34331 0.666136
-1.26154 0.666136
-1.18553 0.666136
-1.11495 0.666136
-1.04943 0.666136
-0.988636 0.666136
-0.932212 0.666136
-0.879808 0.666136
-0.831075 0.666136
-0.785664 0.666136
-0.743226 0.666136
-0.703409 0.666136
-0.665865 0.666136
-0.630245 0.666136
-0.596198 0.666136
-0.563374 0.666136
-0.531425 0.666136
-0.5 0.666136
-0.46875 0.676861
-0.4375 0.686795
-0.40625 0.695959
-0.375 0.704375
-0.34375 0.712058
-0.3125 0.719026
-0.28125 0.725291
-0.25 0.730867
-0.21875 0.735763
-0.1875 0.739988
-0.15625 0.743551
-0.125 0.746458
-0.09375 0.748713
-0.0625 0.750321
-0.03125 0.751285
-3.5 0.704748
-3.28973 0.704748
-3.09047 0.704748
-2.90188 0.704748
-2.7236 0.704748
-2.55529 0.704748
-2.39659 0.704748
-2.24716 0.704748
-2.10664 0.704748
-1.97469 0.704748
-1.85096 0.704748
-1.7351 0.704748
-1.62675 0.704748
-1.52557 0.704748
-1.43121 0.704748
-1.34331 0.704748
-1.26154 0.704748
-1.18553 0.704748
-1.11495 0.704748
-1.04943 0.704748
-0.988636 0.704748
-0.932212 0.704748
-0.879808 0.704748
-0.831075 0.704748
-0.785664 0.704748
-0.743226 0.704748
-0.703409 0.704748
-0.665865 0.704748
-0.630245 0.704748
-0.596198 0.704748
-0.563374 0.704748
-0.531425 0.704748
-0.5 0.704748
-0.46875 0.71525
-0.4375 0.724977
-0.40625 0.733951
-0.375 0.742191
-0.34375 0.749715
-0.3125 0.756537
-0.28125 0.762672
-0.25 0.768132
-0.21875 0.772926
-0.1875 0.777064
-0.15625 0.780552
-0.125 0.783399
-0.09375 0.785607
-0.0625 0.787182
-0.03125 0.788125
-3.5 0.744753
-3.28973 0.744753
-3.09047 0.744753
-2.90188 0.744753
-2.7236 0.744753
-2.55529 0.744753
-2.39659 0.744753
-2.24716 0.744753
-2.10664 0.744753
-1.97469 0.744753
-1.85096 0.744753
-1.7351 0.744753
-1.62675 0.744753
-1.52557 0.744753
-1.43121 0.744753
-1.34331 0.744753
-1.26154 0.744753
-1.18553 0.744753
-1.11495 0.744753
-1.04943 0.744753
-0.988636 0.744753
-0.932212 0.744753
-0.879808 0.744753
-0.831075 0.744753
-0.785664 0.744753
-0.743226 0.744753
-0.703409 0.744753
-0.665865 0.744753
-0.630245 0.744753
-0.596198 0.744753
-0.563374 0.744753
-0.531425 0.744753
-0.5 0.744753
-0.46875 0.755015
-0.4375 0.764519
-0.40625 0.773287
-0.375 0.781338
-0.34375 0.78869
-0.3125 0.795356
-0.28125 0.801351
-0.25 0.806685
-0.21875 0.81137
-0.1875 0.815413
-0.15625 0.818821
-0.125 0.821602
-0.09375 0.82376
-0.0625 0.825299
-0.03125 0.826221
-3.5 0.786205
-3.28973 0.786205
-3.09047 0.786205
-2.90188 0.786205
-2.7236 0.786205
-2.55529 0.786205
-2.39659 0.786205
-2.24716 0.786205
-2.10664 0.786205
-1.97469 0.786205
-1.85096 0.786205
-1.7351 0.786205
-1.62675 0.786205
-1.52557 0.786205
-1.43121 0.786205
-1.34331 0.786205
-1.26154 0.786205
-1.18553 0.786205
-1.11495 0.786205
-1.04943 0.786205
-0.988636 0.786205
-0.932212 0.786205
-0.879808 0.786205
-0.831075 0.786205
-0.785664 0.786205
-0.743226 0.786205
-0.703409 0.786205
-0.665865 0.786205
-0.630245 0.786205
-0.596198 0.786205
-0.563374 0.786205
-0.531425 0.786205
-0.5 0.786205
-0.46875 0.796208
-0.4375 0.805472
-0.40625 0.814019
-0.375 0.821868
-0.34375 0.829034
-0.3125 0.835532
-0.28125 0.841376
-0.25 0.846576
-0.21875 0.851142
-0.1875 0.855083
-0.15625 0.858406
-0.125 0.861116
-0.09375 0.86322
-0.0625 0.86472
-0.03125 0.865619
-3.5 0.829156
-3.28973 0.829156
-3.09047 0.829156
-2.90188 0.829156
-2.7236 0.829156
-2.55529 0.829156
-2.39659 0.829156
-2.24716 0.829156
-2.10664 0.829156
-1.97469 0.829156
-1.85096 0.829156
-1.7351 0.829156
-1.62675 0.829156
-1.52557 0.829156
-1.43121 0.829156
-1.34331 0.829156
-1.26154 0.829156
-1.18553 0.829156
-1.11495 0.829156
-1.04943 0.829156
-0.988636 0.829156
-0.932212 0.829156
-0.879808 0.829156
-0.831075 0.829156
-0.785664 0.829156
-0.743226 0.829156
-0.703409 0.829156
-0.665865 0.829156
-0.630245 0.829156
-0.596198 0.829156
-0.563374 0.829156
-0.531425 0.829156
-0.5 0.829156
-0.46875 0.838881
-0.4375 0.847889
-0.40625 0.856199
-0.375 0.863829
-0.34375 0.870797
-0.3125 0.877115
-0.28125 0.882796
-0.25 0.887852
-0.21875 0.892291
-0.1875 0.896123
-0.15625 0.899353
-0.125 0.901989
-0.09375 0.904034
-0.0625 0.905492
-0.03125 0.906366
-3.5 0.873659
-3.28973 0.873659
-3.09047 0.873659
-2.90188 0.873659
-2.7236 0.873659
-2.55529 0.873659
-2.39659 0.873659
-2.24716 0.873659
-2.10664 0.873659
-1.97469 0.873659
-1.85096 0.873659
-1.7351 0.873659
-1.62675 0.873659
-1.52557 0.873659
-1.43121 0.873659
-1.34331 0.873659
-1.26154 0.873659
-1.18553 0.873659
-1.11495 0.873659
-1.04943 0.873659
-0.988636 0.873659
-0.932212 0.873659
-0.879808 0.873659
-0.831075 0.873659
-0.785664 0.873659
-0.743226 0.873659
-0.703409 0.873659
-0.665865 0.873659
-0.630245 0.873659
-0.596198 0.873659
-0.563374 0.873659
-0.531425 0.873659
-0.5 0.873659
-0.46875 0.883087
-0.4375 0.891819
-0.40625 0.899875
-0.375 0.907273
-0.34375 0.914027
-0.3125 0.920153
-0.28125 0.92566
-0.25 0.930562
-0.21875 0.934866
-0.1875 0.93858
-0.15625 0.941712
-0.125 0.944267
-0.09375 0.94625
-0.0625 0.947663
-0.03125 0.948511
-3.5 0.919766
-3.28973 0.919766
-3.09047 0.919766
-2.90188 0.919766
-2.7236 0.919766
-2.55529 0.919766
-2.39659 0.919766
-2.24716 0.919766
-2.10664 0.919766
-1.97469 0.919766
-1.85096 0.919766
-1.7351 0.919766
-1.62675 0.919766
-1.52557 0.919766
-1.43121 0.919766
-1.34331 0.919766
-1.26154 0.919766
-1.18553 0.919766
-1.11495 0.919766
-1.04943 0.919766
-0.988636 0.919766
-0.932212 0.919766
-0.879808 0.919766
-0.831075 0.919766
-0.785664 0.919766
-0.743226 0.919766
-0.703409 0.919766
-0.665865 0.919766
-0.630245 0.919766
-0.596198 0.919766
-0.563374 0.919766
-0.531425 0.919766
-0.5 0.919766
-0.46875 0.928877
-0.4375 0.937315
-0.40625 0.9451
-0.375 0.952249
-0.34375 0.958776
-0.3125 0.964695
-0.28125 0.970018
-0.25 0.974754
-0.21875 0.978914
-0.1875 0.982503
-0.15625 0.98553
-0.125 0.987999
-0.09375 0.989915
-0.0625 0.991281
-0.03125 0.9921
-3.5 0.967529
-3.28973 0.967529
-3.09047 0.967529
-2.90188 0.967529
-2.7236 0.967529
-2.55529 0.967529
-2.39659 0.967529
-2.24716 0.967529
-2.10664 0.967529
-1.97469 0.967529
-1.85096 0.967529
-1.7351 0.967529
-1.62675 0.967529
-1.52557 0.967529
-1.43121 0.967529
-1.34331 0.967529
-1.26154 0.967529
-1.18553 0.967529
-1.11495 0.967529
-1.04943 0.967529
-0.988636 0.967529
-0.932212 0.967529
-0.879808 0.967529
-0.831075 0.967529
-0.785664 0.967529
-0.743226 0.967529
-0.703409 0.967529
-0.665865 0.967529
-0.630245 0.967529
-0.596198 0.967529
-0.563374 0.967529
-0.531425 0.967529
-0.5 0.967529
-0.46875 0.976302
-0.4375 0.984428
-0.40625 0.991924
-0.375 0.998808
-0.34375 1.00509
-0.3125 1.01079
-0.28125 1.01592
-0.25 1.02048
-0.21875 1.02448
-0.1875 1.02794
-0.15625 1.03085
-0.125 1.03323
-0.09375 1.03508
-0.0625 1.03639
-0.03125 1.03718
-3.5 1.017
-3.28973 1.017
-3.09047 1.017
-2.90188 1.017
-2.7236 1.017
-2.55529 1.017
-2.39659 1.017
-2.24716 1.017
-2.10664 1.017
-1.97469 1.017
-1.85096 1.017
-1.7351 1.017
-1.62675 1.017
-1.52557 1.017
-1.43121 1.017
-1.34331 1.017
-1.26154 1.017
-1.18553 1.017
-1.11495 1.017
-1.04943 1.017
-0.988636 1.017
-0.932212 1.017
-0.879808 1.017
-0.831075 1.017
-0.785664 1.017
-0.743226 1.017
-0.703409 1.017
-0.665865 1.017
-0.630245 1.017
-0.596198 1.017
-0.563374 1.017
-0.531425 1.017
-0.5 1.017
-0.46875 1.02542
-0.4375 1.03321
-0.40625 1.0404
-0.375 1.047
-0.34375 1.05303
-0.3125 1.05849
-0.28125 1.06341
-0.25 1.06778
-0.21875 1.07162
-0.1875 1.07494
-0.15625 1.07773
-0.125 1.08001
-0.09375 1.08178
-0.0625 1.08304
-0.03125 1.0838
-3.5 1.06824
-3.28973 1.06824
-3.09047 1.06824
-2.90188 1.06824
-2.7236 1.06824
-2.55529 1.06824
-2.39659 1.06824
-2.24716 1.06824
-2.10664 1.06824
-1.97469 1.06824
-1.85096 1.06824
-1.7351 1.06824
-1.62675 1.06824
-1.52557 1.06824
-1.43121 1.06824
-1.34331 1.06824
-1.26154 1.06824
-1.18553 1.06824
-1.11495 1.06824
-1.04943 1.06824
-0.988636 1.06824
-0.932212 1.06824
-0.879808 1.06824
-0.831075 1.06824
-0.785664 1.06824
-0.743226 1.06824
-0.703409 1.06824
-0.665865 1.06824
-0.630245 1.06824
-0.596198 1.06824
-0.563374 1.06824
-0.531425 1.06824
-0.5 1.06824
-0.46875 1.07627
-0.4375 1.08371
-0.40625 1.09057
-0.375 1.09687
-0.34375 1.10263
-0.3125 1.10785
-0.28125 1.11254
-0.25 1.11672
-0.21875 1.12038
-0.1875 1.12355
-0.15625 1.12621
-0.125 1.12839
-0.09375 1.13008
-0.0625 1.13128
-0.03125 1.13201
-3.5 1.12129
-3.28973 1.12129
-3.09047 1.12129
-2.90188 1.12129
-2.7236 1.12129
-2.55529 1.12129
-2.39659 1.12129
-2.24716 1.12129
-2.10664 1.12129
-1.97469 1.12129
-1.85096 1.12129
-1.7351 1.12129
-1.62675 1.12129
-1.52557 1.12129
-1.43121 1.12129
-1.34331 1.12129
-1.26154 1.12129
-1.18553 1.12129
-1.11495 1.12129
-1.04943 1.12129
-0.988636 1.12129
-0.932212 1.12129
-0.879808 1.12129
-0.831075 1.12129
-0.785664 1.12129
-0.743226 1.12129
-0.703409 1.12129
-0.665865 1.12129
-0.630245 1.12129
-0.596198 1.12129
-0.563374 1.12129
-0.531425 1.12129
-0.5 1.12129
-0.46875 1.12892
-0.4375 1.13598
-0.40625 1.1425
-0.375 1.14848
-0.34375 1.15395
-0.3125 1.1589
-0.28125 1.16336
-0.25 1.16733
-0.21875 1.17081
-0.1875 1.17381
-0.15625 1.17635
-0.125 1.17841
-0.09375 1.18002
-0.0625 1.18116
-0.03125 1.18185
-3.5 1.1762
-3.28973 1.1762
-3.09047 1.1762
-2.90188 1.1762
-2.7236 1.1762
-2.55529 1.1762
-2.39659 1.1762
-2.24716 1.1762
-2.10664 1.1762
-1.97469 1.1762
-1.85096 1.1762
-1.7351 1.1762
-1.62675 1.1762
-1.52557 1.1762
-1.43121 1.1762
-1.34331 1.1762
-1.26154 1.1762
-1.18553 1.1762
-1.11495 1.1762
-1.04943 1.1762
-0.988636 1.1762
-0.932212 1.1762
-0.879808 1.1762
-0.831075 1.1762
-0.785664 1.1762
-0.743226 1.1762
-0.703409 1.1762
-0.665865 1.1762
-0.630245 1.1762
-0.596198 1.1762
-0.563374 1.1762
-0.531425 1.1762
-0.5 1.1762
-0.46875 1.1834
-0.4375 1.19007
-0.40625 1.19623
-0.375 1.20188
-0.34375 1.20703
-0.3125 1.21171
-0.28125 1.21592
-0.25 1.21966
-0.21875 1.22295
-0.1875 1.22578
-0.15625 1.22818
-0.125 1.23013
-0.09375 1.23164
-0.0625 1.23272
-0.03125 1.23337
-3.5 1.23304
-3.28973 1.23304
-3.09047 1.23304
-2.90188 1.23304
-2.7236 1.23304
-2.55529 1.23304
-2.39659 1.23304
-2.24716 1.23304
-2.10664 1.23304
-1.97469 1.23304
-1.85096 1.23304
-1.7351 1.23304
-1.62675 1.23304
-1.52557 1.23304
-1.43121 1.23304
-1.34331 1.23304
-1.26154 1.23304
-1.18553 1.23304
-1.11495 1.23304
-1.04943 1.23304
-0.988636 1.23304
-0.932212 1.23304
-0.879808 1.23304
-0.831075 1.23304
-0.785664 1.23304
-0.743226 1.23304
-0.703409 1.23304
-0.665865 1.23304
-0.630245 1.23304
-0.596198 1.23304
-0.563374 1.23304
-0.531425 1.23304
-0.5 1.23304
-0.46875 1.23979
-0.4375 1.24604
-0.40625 1.25181
-0.375 1.2571
-0.34375 1.26194
-0.3125 1.26632
-0.28125 1.27026
-0.25 1.27377
-0.21875 1.27685
-0.1875 1.27951
-0.15625 1.28175
-0.125 1.28358
-0.09375 1.285
-0.0625 1.28601
-0.03125 1.28662
-3.5 1.29185
-3.28973 1.29185
-3.09047 1.29185
-2.90188 1.29185
-2.7236 1.29185
-2.55529 1.29185
-2.39659 1.29185
-2.24716 1.29185
-2.10664 1.29185
-1.97469 1.29185
-1.85096 1.29185
-1.7351 1.29185
-1.62675 1.29185
-1.52557 1.29185
-1.43121 1.29185
-1.34331 1.29185
-1.26154 1.29185
-1.18553 1.29185
-1.11495 1.29185
-1.04943 1.29185
-0.988636 1.29185
-0.932212 1.29185
-0.879808 1.29185
-0.831075 1.29185
-0.785664 1.29185
-0.743226 1.29185
-0.703409 1.29185
-0.665865 1.29185
-0.630245 1.29185
-0.596198 1.29185
-0.563374 1.29185
-0.531425 1.29185
-0.5 1.29185
-0.46875 1.29812
-0.4375 1.30393
-0.40625 1.30929
-0.375 1.31421
-0.34375 1.31871
-0.3125 1.32278
-0.28125 1.32644
-0.25 1.3297
-0.21875 1.33257
-0.1875 1.33504
-0.15625 1.33712
-0.125 1.33882
-0.09375 1.34014
-0.0625 1.34108
-0.03125 1.34164
-3.5 1.35269
-3.28973 1.35269
-3.09047 1.35269
-2.90188 1.35269
-2.7236 1.35269
-2.55529 1.35269
-2.39659 1.35269
-2.24716 1.35269
-2.10664 1.35269
-1.97469 1.35269
-1.85096 1.35269
-1.7351 1.35269
-1.62675 1.35269
-1.52557 1.35269
-1.43121 1.35269
-1.34331 1.35269
-1.26154 1.35269
-1.18553 1.35269
-1.11495 1.35269
-1.04943 1.35269
-0.988636 1.35269
-0.932212 1.35269
-0.879808 1.35269
-0.831075 1.35269
-0.785664 1.35269
-0.743226 1.35269
-0.703409 1.35269
-0.665865 1.35269
-0.630245 1.35269
-0.596198 1.35269
-0.563374 1.35269
-0.531425 1.35269
-0.5 1.35269
-0.46875 1.35846
-0.4375 1.3638
-0.40625 1.36873
-0.375 1.37326
-0.34375 1.37739
-0.3125 1.38114
-0.28125 1.38451
-0.25 1.38751
-0.21875 1.39014
-0.1875 1.39242
-0.15625 1.39433
-0.125 1.3959
-0.09375 1.39711
-0.0625 1.39798
-0.03125 1.39849
-3.5 1.4156
-3.28973 1.4156
-3.09047 1.4156
-2.90188 1.4156
-2.7236 1.4156
-2.55529 1.4156
-2.39659 1.4156
-2.24716 1.4156
-2.10664 1.4156
-1.97469 1.4156
-1.85096 1.4156
-1.7351 1.4156
-1.62675 1.4156
-1.52557 1.4156
-1.43121 1.4156
-1.34331 1.4156
-1.26154 1.4156
-1.18553 1.4156
-1.11495 1.4156
-1.04943 1.4156
-0.988636 1.4156
-0.932212 1.4156
-0.879808 1.4156
-0.831075 1.4156
-0.785664 1.4156
-0.743226 1.4156
-0.703409 1.4156
-0.665865 1.4156
-0.630245 1.4156
-0.596198 1.4156
-0.563374 1.4156
-0.531425 1.4156
-0.5 1.4156
-0.46875 1.42084
-0.4375 1.42569
-0.40625 1.43017
-0.375 1.43429
-0.34375 1.43804
-0.3125 1.44145
-0.28125 1.44451
-0.25 1.44723
-0.21875 1.44963
-0.1875 1.45169
-0.15625 1.45343
-0.125 1.45485
-0.09375 1.45596
-0.0625 1.45674
-0.03125 1.45721
-3.5 1.48064
-3.28973 1.48064
-3.09047 1.48064
-2.90188 1.48064
-2.7236 1.48064
-2.55529 1.48064
-2.39659 1.48064
-2.24716 1.48064
-2.10664 1.48064
-1.97469 1.48064
-1.85096 1.48064
-1.7351 1.48064
-1.62675 1.48064
-1.52557 1.48064
-1.43121 1.48064
-1.34331 1.48064
-1.26154 1.48064
-1.18553 1.48064
-1.11495 1.48064
-1.04943 1.48064
-0.988636 1.48064
-0.932212 1.48064
-0.879808 1.48064
-0.831075 1.48064
-0.785664 1.48064
-0.743226 1.48064
-0.703409 1.48064
-0.665865 1.48064
-0.630245 1.48064
-0.596198 1.48064
-0.563374 1.48064
-0.531425 1.48064
-0.5 1.48064
-0.46875 1.48533
-0.4375 1.48967
-0.40625 1.49367
-0.375 1.49735
-0.34375 1.50071
-0.3125 1.50375
-0.28125 1.50649
-0.25 1.50893
-0.21875 1.51107
-0.1875 1.51291
-0.15625 1.51447
-0.125 1.51574
-0.09375 1.51673
-0.0625 1.51743
-0.03125 1.51785
-3.5 1.54786
-3.28973 1.54786
-3.09047 1.54786
-2.90188 1.54786
-2.7236 1.54786
-2.55529 1.54786
-2.39659 1.54786
-2.24716 1.54786
-2.10664 1.54786
-1.97469 1.54786
-1.85096 1.54786
-1.7351 1.54786
-1.62675 1.54786
-1.52557 1.54786
-1.43121 1.54786
-1.34331 1.54786
-1.26154 1.54786
-1.18553 1.54786
-1.11495 1.54786
-1.04943 1.54786
-0.988636 1.54786
-0.932212 1.54786
-0.879808 1.54786
-0.831075 1.54786
-0.785664 1.54786
-0.743226 1.54786
-0.703409 1.54786
-0.665865 1.54786
-0.630245 1.54786
-0.596198 1.54786
-0.563374 1.54786
-0.531425 1.54786
-0.5 1.54786
-0.46875 1.55197
-0.4375 1.55577
-0.40625 1.55928
-0.375 1.5625
-0.34375 1.56544
-0.3125 1.56811
-0.28125 1.57051
-0.25 1.57264
-0.21875 1.57451
-0.1875 1.57613
-0.15625 1.5775
-0.125 1.57861
-0.09375 1.57947
-0.0625 1.58009
-0.03125 1.58046
-3.5 1.61733
-3.28973 1.61733
-3.09047 1.61733
-2.90188 1.61733
-2.7236 1.61733
-2.55529 1.61733
-2.39659 1.61733
-2.24716 1.61733
-2.10664 1.61733
-1.97469 1.61733
-1.85096 1.61733
-1.7351 1.61733
-1.62675 1.61733
-1.52557 1.61733
-1.43121 1.61733
-1.34331 1.61733
-1.26154 1.61733
-1.18553 1.61733
-1.11495 1.61733
-1.04943 1.61733
-0.988636 1.61733
-0.932212 1.61733
-0.879808 1.61733
-0.831075 1.61733
-0.785664 1.61733
-0.743226 1.61733
-0.703409 1.61733
-0.665865 1.61733
-0.630245 1.61733
-0.596198 1.61733
-0.563374 1.61733
-0.531425 1.61733
-0.5 1.61733
-0.46875 1.62082
-0.4375 1.62406
-0.40625 1.62704
-0.375 1.62979
-0.34375 1.63229
-0.3125 1.63456
-0.28125 1.6366
-0.25 1.63842
-0.21875 1.64001
-0.1875 1.64139
-0.15625 1.64255
-0.125 1.6435
-0.09375 1.64423
-0.0625 1.64476
-0.03125 1.64507
-3.5 1.68907
-3.28973 1.68907
-3.09047 1.68907
-2.90188 1.68907
-2.7236 1.68907
-2.55529 1.68907
-2.39659 1.68907
-2.24716 1.68907
-2.10664 1.68907
-1.97469 1.68907
-1.85096 1.68907
-1.7351 1.68907
-1.62675 1.68907
-1.52557 1.68907
-1.43121 1.68907
-1.34331 1.68907
-1.26154 1.68907
-1.18553 1.68907
-1.11495 1.68907
-1.04943 1.68907
-0.988636 1.68907
-0.932212 1.68907
-0.879808 1.68907
-0.831075 1.68907
-0.785664 1.68907
-0.743226 1.68907
-0.703409 1.68907
-0.665865 1.68907
-0.630245 1.68907
-0.596198 1.68907
-0.563374 1.68907
-0.531425 1.68907
-0.5 1.68907
-0.46875 1.69193
-0.4375 1.69457
-0.40625 1.69701
-0.375 1.69926
-0.34375 1.7013
-0.3125 1.70316
-0.28125 1.70483
-0.25 1.70631
-0.21875 1.70761
-0.1875 1.70874
-0.15625 1.70969
-0.125 1.71046
-0.09375 1.71106
-0.0625 1.71149
-0.03125 1.71175
-3.5 1.76316
-3.28973 1.76316
-3.09047 1.76316
-2.90188 1.76316
-2.7236 1.76316
-2.55529 1.76316
-2.39659 1.76316
-2.24716 1.76316
-2.10664 1.76316
-1.97469 1.76316
-1.85096 1.76316
-1.7351 1.76316
-1.62675 1.76316
-1.52557 1.76316
-1.43121 1.76316
-1.34331 1.76316
-1.26154 1.76316
-1.18553 1.76316
-1.11495 1.76316
-1.04943 1.76316
-0.988636 1.76316
-0.932212 1.76316
-0.879808 1.76316
-0.831075 1.76316
-0.785664 1.76316
-0.743226 1.76316
-0.703409 1.76316
-0.665865 1.76316
-0.630245 1.76316
-0.596198 1.76316
-0.563374 1.76316
-0.531425 1.76316
-0.5 1.76316
-0.46875 1.76535
-0.4375 1.76738
-0.40625 1.76925
-0.375 1.77096
-0.34375 1.77253
-0.3125 1.77395
-0.28125 1.77523
-0.25 1.77637
-0.21875 1.77736
-0.1875 1.77823
-0.15625 1.77895
-0.125 1.77955
-0.09375 1.78001
-0.0625 1.78033
-0.03125 1.78053
-3.5 1.83965
-3.28973 1.83965
-3.09047 1.83965
-2.90188 1.83965
-2.7236 1.83965
-2.55529 1.83965
-2.39659 1.83965
-2.24716 1.83965
-2.10664 1.83965
-1.97469 1.83965
-1.85096 1.83965
-1.7351 1.83965
-1.62675 1.83965
-1.52557 1.83965
-1.43121 1.83965
-1.34331 1.83965
-1.26154 1.83965
-1.18553 1.83965
-1.11495 1.83965
-1.04943 1.83965
-0.988636 1.83965
-0.932212 1.83965
-0.879808 1.83965
-0.831075 1.83965
-0.785664 1.83965
-0.743226 1.83965
-0.703409 1.83965
-0.665865 1.83965
-0.630245 1.83965
-0.596198 1.83965
-0.563374 1.83965
-0.531425 1.83965
-0.5 1.83965
-0.46875 1.84113
-0.4375 1.84251
-0.40625 1.84379
-0.375 1.84496
-0.34375 1.84602
-0.3125 1.84699
-0.28125 1.84786
-0.25 1.84863
-0.21875 1.84931
-0.1875 1.8499
-0.15625 1.8504
-0.125 1.8508
-0.09375 1.85111
-0.0625 1.85134
-0.03125 1.85147
-3.5 1.91857
-3.28973 1.91857
-3.09047 1.91857
-2.90188 1.91857
-2.7236 1.91857
-2.55529 1.91857
-2.39659 1.91857
-2.24716 1.91857
-2.10664 1.91857
-1.97469 1.91857
-1.85096 1.91857
-1.7351 1.91857
-1.62675 1.91857
-1.52557 1.91857
-1.43121 1.91857
-1.34331 1.91857
-1.26154 1.91857
-1.18553 1.91857
-1.11495 1.91857
-1.04943 1.91857
-0.988636 1.91857
-0.932212 1.91857
-0.879808 1.91857
-0.831075 1.91857
-0.785664 1.91857
-0.743226 1.91857
-0.703409 1.91857
-0.665865 1.91857
-0.630245 1.91857
-0.596198 1.91857
-0.563374 1.91857
-0.531425 1.91857
-0.5 1.91857
-0.46875 1.91933
-0.4375 1.92004
-0.40625 1.92069
-0.375 1.92128
-0.34375 1.92183
-0.3125 1.92232
-0.28125 1.92277
-0.25 1.92316
-0.21875 1.92351
-0.1875 1.92381
-0.15625 1.92406
-0.125 1.92427
-0.09375 1.92443
-0.0625 1.92454
-0.03125 1.92461
-3.5 2
-3.28973 2
-3.09047 2
-2.90188 2
-2.7236 2
-2.55529 2
-2.39659 2
-2.24716 2
-2.10664 2
-1.97469 2
-1.85096 2
-1.7351 2
-1.62675 2
-1.52557 2
-1.43121 2
-1.34331 2
-1.26154 2
-1.18553 2
-1.11495 2
-1.04943 2
-0.988636 2
-0.932212 2
-0.879808 2
-0.831075 2
-0.785664 2
-0.743226 2
-0.703409 2
-0.665865 2
-0.630245 2
-0.596198 2
-0.563374 2
-0.531425 2
-0.5 2
-0.46875 2
-0.4375 2
-0.40625 2
-0.375 2
-0.34375 2
-0.3125 2
-0.28125 2
-0.25 2
-0.21875 2
-0.1875 2
-0.15625 2
-0.125 2
-0.09375 2
-0.0625 2
-0.03125 2
