-3.5  -3.28973  -3.09047  -2.90188  -2.7236  -2.55529  -2.39659  -2.24716  -2.10664  -1.97469  -1.85096  -1.7351  -1.62675  -1.52557  -1.43121  -1.34331  -1.26154  -1.18553  -1.11495  -1.04943  -0.988636  -0.932212  -0.879808  -0.831075  -0.785664  -0.743226  -0.703409  -0.665865  -0.630245  -0.596198  -0.563374  -0.531425  -0.5  -0.46875  -0.4375  -0.40625  -0.375  -0.34375  -0.3125  -0.28125  -0.25  -0.21875  -0.1875  -0.15625  -0.125  -0.09375  -0.0625  -0.03125  0  
-3.5  -3.28973  -3.09047  -2.90188  -2.7236  -2.55529  -2.39659  -2.24716  -2.10664  -1.97469  -1.85096  -1.7351  -1.62675  -1.52557  -1.43121  -1.34331  -1.26154  -1.18553  -1.11495  -1.04943  -0.988636  -0.932212  -0.879808  -0.831075  -0.785664  -0.743226  -0.703409  -0.665865  -0.630245  -0.596198  -0.563374  -0.531425  -0.5  -0.46875  -0.4375  -0.40625  -0.375  -0.34375  -0.3125  -0.28125  -0.25  -0.21875  -0.1875  -0.15625  -0.125  -0.09375  -0.0625  -0.03125  0  
-3.5  -3.28973  -3.09047  -2.90188  -2.7236  -2.55529  -2.39659  -2.24716  -2.10664  -1.97469  -1.85096  -1.7351  -1.62675  -1.52557  -1.43121  -1.34331  -1.26154  -1.18553  -1.11495  -1.04943  -0.988636  -0.932212  -0.879808  -0.831075  -0.785664  -0.743226  -0.703409  -0.665865  -0.630245  -0.596198  -0.563374  -0.531425  -0.5  -0.46875  -0.4375  -0.40625  -0.375  -0.34375  -0.3125  -0.28125  -0.25  -0.21875  -0.1875  -0.15625  -0.125  -0.09375  -0.0625  -0.03125  0  
-3.5  -3.28973  -3.09047  -2.90188  -2.7236  -2.55529  -2.39659  -2.24716  -2.10664  -1.97469  -1.85096  -1.7351  -1.62675  -1.52557  -1.43121  -1.34331  -1.26154  -1.18553  -1.11495  -1.04943  -0.988636  -0.932212  -0.879808  -0.831075  -0.785664  -0.743226  -0.703409  -0.665865  -0.630245  -0.596198  -0.563374  -0.531425  -0.5  -0.46875  -0.4375  -0.40625  -0.375  -0.34375  -0.3125  -0.28125  -0.25  -0.21875  -0.1875  -0.15625  -0.125  -0.09375  -0.0625  -0.03125  0  
-3.5  -3.28973  -3.09047  -2.90188  -2.7236  -2.55529  -2.39659  -2.24716  -2.10664  -1.97469  -1.85096  -1.7351  -1.62675  -1.52557  -1.43121  -1.34331  -1.26154  -1.18553  -1.11495  -1.04943  -0.988636  -0.932212  -0.879808  -0.831075  -0.785664  -0.743226  -0.703409  -0.665865  -0.630245  -0.596198  -0.563374  -0.531425  -0.5  -0.46875  -0.4375  -0.40625  -0.375  -0.34375  -0.3125  -0.28125  -0.25  -0.21875  -0.1875  -0.15625  -0.125  -0.09375  -0.0625  -0.03125  0  
-3.5  -3.28973  -3.09047  -2.90188  -2.7236  -2.55529  -2.39659  -2.24716  -2.10664  -1.97469  -1.85096  -1.7351  -1.62675  -1.52557  -1.43121  -1.34331  -1.26154  -1.18553  -1.11495  -1.04943  -0.988636  -0.932212  -0.879808  -0.831075  -0.785664  -0.743226  -0.703409  -0.665865  -0.630245  -0.596198  -0.563374  -0.531425  -0.5  -0.46875  -0.4375  -0.40625  -0.375  -0.34375  -0.3125  -0.28125  -0.25  -0.21875  -0.1875  -0.15625  -0.125  -0.09375  -0.0625  -0.03125  0  
-3.5  -3.28973  -3.09047  -2.90188  -2.7236  -2.55529  -2.39659  -2.24716  -2.10664  -1.97469  -1.85096  -1.7351  -1.62675  -1.52557  -1.43121  -1.34331  -1.26154  -1.18553  -1.11495  -1.04943  -0.988636  -0.932212  -0.879808  -0.831075  -0.785664  -0.743226  -0.703409  -0.665865  -0.630245  -0.596198  -0.563374  -0.531425  -0.5  -0.46875  -0.4375  -0.40625  -0.375  -0.34375  -0.3125  -0.28125  -0.25  -0.21875  -0.1875  -0.15625  -0.125  -0.09375  -0.0625  -0.03125  0  
-3.5  -3.28973  -3.09047  -2.90188  -2.7236  -2.55529  -2.39659  -2.24716  -2.10664  -1.97469  -1.85096  -1.7351  -1.62675  -1.52557  -1.43121  -1.34331  -1.26154  -1.18553  -1.11495  -1.04943  -0.988636  -0.932212  -0.879808  -0.831075  -0.785664  -0.743226  -0.703409  -0.665865  -0.630245  -0.596198  -0.563374  -0.531425  -0.5  -0.46875  -0.4375  -0.40625  -0.375  -0.34375  -0.3125  -0.28125  -0.25  -0.21875  -0.1875  -0.15625  -0.125  -0.09375  -0.0625  -0.03125  0  
-3.5  -3.28973  -3.09047  -2.90188  -2.7236  -2.55529  -2.39659  -2.24716  -2.10664  -1.97469  -1.85096  -1.7351  -1.62675  -1.52557  -1.43121  -1.34331  -1.26154  -1.18553  -1.11495  -1.04943  -0.988636  -0.932212  -0.879808  -0.831075  -0.785664  -0.743226  -0.703409  -0.665865  -0.630245  -0.596198  -0.563374  -0.531425  -0.5  -0.46875  -0.4375  -0.40625  -0.375  -0.34375  -0.3125  -0.28125  -0.25  -0.21875  -0.1875  -0.15625  -0.125  -0.09375  -0.0625  -0.03125  0  
-3.5  -3.28973  -3.09047  -2.90188  -2.7236  -2.55529  -2.39659  -2.24716  -2.10664  -1.97469  -1.85096  -1.7351  -1.62675  -1.52557  -1.43121  -1.34331  -1.26154  -1.18553  -1.11495  -1.04943  -0.988636  -0.932212  -0.879808  -0.831075  -0.785664  -0.743226  -0.703409  -0.665865  -0.630245  -0.596198  -0.563374  -0.531425  -0.5  -0.46875  -0.4375  -0.40625  -0.375  -0.34375  -0.3125  -0.28125  -0.25  -0.21875  -0.1875  -0.15625  -0.125  -0.09375  -0.0625  -0.03125  0  
-3.5  -3.28973  -3.09047  -2.90188  -2.7236  -2.55529  -2.39659  -2.24716  -2.10664  -1.97469  -1.85096  -1.7351  -1.62675  -1.52557  -1.43121  -1.34331  -1.26154  -1.18553  -1.11495  -1.04943  -0.988636  -0.932212  -0.879808  -0.831075  -0.785664  -0.743226  -0.703409  -0.665865  -0.630245  -0.596198  -0.563374  -0.531425  -0.5  -0.46875  -0.4375  -0.40625  -0.375  -0.34375  -0.3125  -0.28125  -0.25  -0.21875  -0.1875  -0.15625  -0.125  -0.09375  -0.0625  -0.03125  0  
-3.5  -3.28973  -3.09047  -2.90188  -2.7236  -2.55529  -2.39659  -2.24716  -2.10664  -1.97469  -1.85096  -1.7351  -1.62675  -1.52557  -1.43121  -1.34331  -1.26154  -1.18553  -1.11495  -1.04943  -0.988636  -0.932212  -0.879808  -0.831075  -0.785664  -0.743226  -0.703409  -0.665865  -0.630245  -0.596198  -0.563374  -0.531425  -0.5  -0.46875  -0.4375  -0.40625  -0.375  -0.34375  -0.3125  -0.28125  -0.25  -0.21875  -0.1875  -0.15625  -0.125  -0.09375  -0.0625  -0.03125  0  
-3.5  -3.28973  -3.09047  -2.90188  -2.7236  -2.55529  -2.39659  -2.24716  -2.10664  -1.97469  -1.85096  -1.7351  -1.62675  -1.52557  -1.43121  -1.34331  -1.26154  -1.18553  -1.11495  -1.04943  -0.988636  -0.932212  -0.879808  -0.831075  -0.785664  -0.743226  -0.703409  -0.665865  -0.630245  -0.596198  -0.563374  -0.531425  -0.5  -0.46875  -0.4375  -0.40625  -0.375  -0.34375  -0.3125  -0.28125  -0.25  -0.21875  -0.1875  -0.15625  -0.125  -0.09375  -0.0625  -0.03125  0  
-3.5  -3.28973  -3.09047  -2.90188  -2.7236  -2.55529  -2.39659  -2.24716  -2.10664  -1.97469  -1.85096  -1.7351  -1.62675  -1.52557  -1.43121  -1.34331  -1.26154  -1.18553  -1.11495  -1.04943  -0.988636  -0.932212  -0.879808  -0.831075  -0.785664  -0.743226  -0.703409  -0.665865  -0.630245  -0.596198  -0.563374  -0.531425  -0.5  -0.46875  -0.4375  -0.40625  -0.375  -0.34375  -0.3125  -0.28125  -0.25  -0.21875  -0.1875  -0.15625  -0.125  -0.09375  -0.0625  -0.03125  0  
-3.5  -3.28973  -3.09047  -2.90188  -2.7236  -2.55529  -2.39659  -2.24716  -2.10664  -1.97469  -1.85096  -1.7351  -1.62675  -1.52557  -1.43121  -1.34331  -1.26154  -1.18553  -1.11495  -1.04943  -0.988636  -0.932212  -0.879808  -0.831075  -0.785664  -0.743226  -0.703409  -0.665865  -0.630245  -0.596198  -0.563374  -0.531425  -0.5  -0.46875  -0.4375  -0.40625  -0.375  -0.34375  -0.3125  -0.28125  -0.25  -0.21875  -0.1875  -0.15625  -0.125  -0.09375  -0.0625  -0.03125  0  
-3.5  -3.28973  -3.09047  -2.90188  -2.7236  -2.55529  -2.39659  -2.24716  -2.10664  -1.97469  -1.85096  -1.7351  -1.62675  -1.52557  -1.43121  -1.34331  -1.26154  -1.18553  -1.11495  -1.04943  -0.988636  -0.932212  -0.879808  -0.831075  -0.785664  -0.743226  -0.703409  -0.665865  -0.630245  -0.596198  -0.563374  -0.531425  -0.5  -0.46875  -0.4375  -0.40625  -0.375  -0.34375  -0.3125  -0.28125  -0.25  -0.21875  -0.1875  -0.15625  -0.125  -0.09375  -0.0625  -0.03125  0  
-3.5  -3.28973  -3.09047  -2.90188  -2.7236  -2.55529  -2.39659  -2.24716  -2.10664  -1.97469  -1.85096  -1.7351  -1.62675  -1.52557  -1.43121  -1.34331  -1.26154  -1.18553  -1.11495  -1.04943  -0.988636  -0.932212  -0.879808  -0.831075  -0.785664  -0.743226  -0.703409  -0.665865  -0.630245  -0.596198  -0.563374  -0.531425  -0.5  -0.46875  -0.4375  -0.40625  -0.375  -0.34375  -0.3125  -0.28125  -0.25  -0.21875  -0.1875  -0.15625  -0.125  -0.09375  -0.0625  -0.03125  0  
-3.5  -3.28973  -3.09047  -2.90188  -2.7236  -2.55529  -2.39659  -2.24716  -2.10664  -1.97469  -1.85096  -1.7351  -1.62675  -1.52557  -1.43121  -1.34331  -1.26154  -1.18553  -1.11495  -1.04943  -0.988636  -0.932212  -0.879808  -0.831075  -0.785664  -0.743226  -0.703409  -0.665865  -0.630245  -0.596198  -0.563374  -0.531425  -0.5  -0.46875  -0.4375  -0.40625  -0.375  -0.34375  -0.3125  -0.28125  -0.25  -0.21875  -0.1875  -0.15625  -0.125  -0.09375  -0.0625  -0.03125  0  
-3.5  -3.28973  -3.09047  -2.90188  -2.7236  -2.55529  -2.39659  -2.24716  -2.10664  -1.97469  -1.85096  -1.7351  -1.62675  -1.52557  -1.43121  -1.34331  -1.26154  -1.18553  -1.11495  -1.04943  -0.988636  -0.932212  -0.879808  -0.831075  -0.785664  -0.743226  -0.703409  -0.665865  -0.630245  -0.596198  -0.563374  -0.531425  -0.5  -0.46875  -0.4375  -0.40625  -0.375  -0.34375  -0.3125  -0.28125  -0.25  -0.21875  -0.1875  -0.15625  -0.125  -0.09375  -0.0625  -0.03125  0  
-3.5  -3.28973  -3.09047  -2.90188  -2.7236  -2.55529  -2.39659  -2.24716  -2.10664  -1.97469  -1.85096  -1.7351  -1.62675  -1.52557  -1.43121  -1.34331  -1.26154  -1.18553  -1.11495  -1.04943  -0.988636  -0.932212  -0.879808  -0.831075  -0.785664  -0.743226  -0.703409  -0.665865  -0.630245  -0.596198  -0.563374  -0.531425  -0.5  -0.46875  -0.4375  -0.40625  -0.375  -0.34375  -0.3125  -0.28125  -0.25  -0.21875  -0.1875  -0.15625  -0.125  -0.09375  -0.0625  -0.03125  0  
-3.5  -3.28973  -3.09047  -2.90188  -2.7236  -2.55529  -2.39659  -2.24716  -2.10664  -1.97469  -1.85096  -1.7351  -1.62675  -1.52557  -1.43121  -1.34331  -1.26154  -1.18553  -1.11495  -1.04943  -0.988636  -0.932212  -0.879808  -0.831075  -0.785664  -0.743226  -0.703409  -0.665865  -0.630245  -0.596198  -0.563374  -0.531425  -0.5  -0.46875  -0.4375  -0.40625  -0.375  -0.34375  -0.3125  -0.28125  -0.25  -0.21875  -0.1875  -0.15625  -0.125  -0.09375  -0.0625  -0.03125  0  
-3.5  -3.28973  -3.09047  -2.90188  -2.7236  -2.55529  -2.39659  -2.24716  -2.10664  -1.97469  -1.85096  -1.7351  -1.62675  -1.52557  -1.43121  -1.34331  -1.26154  -1.18553  -1.11495  -1.04943  -0.988636  -0.932212  -0.879808  -0.831075  -0.785664  -0.743226  -0.703409  -0.665865  -0.630245  -0.596198  -0.563374  -0.531425  -0.5  -0.46875  -0.4375  -0.40625  -0.375  -0.34375  -0.3125  -0.28125  -0.25  -0.21875  -0.1875  -0.15625  -0.125  -0.09375  -0.0625  -0.03125  0  
-3.5  -3.28973  -3.09047  -2.90188  -2.7236  -2.55529  -2.39659  -2.24716  -2.10664  -1.97469  -1.85096  -1.7351  -1.62675  -1.52557  -1.43121  -1.34331  -1.26154  -1.18553  -1.11495  -1.04943  -0.988636  -0.932212  -0.879808  -0.831075  -0.785664  -0.743226  -0.703409  -0.665865  -0.630245  -0.596198  -0.563374  -0.531425  -0.5  -0.46875  -0.4375  -0.40625  -0.375  -0.34375  -0.3125  -0.28125  -0.25  -0.21875  -0.1875  -0.15625  -0.125  -0.09375  -0.0625  -0.03125  0  
-3.5  -3.28973  -3.09047  -2.90188  -2.7236  -2.55529  -2.39659  -2.24716  -2.10664  -1.97469  -1.85096  -1.7351  -1.62675  -1.52557  -1.43121  -1.34331  -1.26154  -1.18553  -1.11495  -1.04943  -0.988636  -0.932212  -0.879808  -0.831075  -0.785664  -0.743226  -0.703409  -0.665865  -0.630245  -0.596198  -0.563374  -0.531425  -0.5  -0.46875  -0.4375  -0.40625  -0.375  -0.34375  -0.3125  -0.28125  -0.25  -0.21875  -0.1875  -0.15625  -0.125  -0.09375  -0.0625  -0.03125  0  
-3.5  -3.28973  -3.09047  -2.90188  -2.7236  -2.55529  -2.39659  -2.24716  -2.10664  -1.97469  -1.85096  -1.7351  -1.62675  -1.52557  -1.43121  -1.34331  -1.26154  -1.18553  -1.11495  -1.04943  -0.988636  -0.932212  -0.879808  -0.831075  -0.785664  -0.743226  -0.703409  -0.665865  -0.630245  -0.596198  -0.563374  -0.531425  -0.5  -0.46875  -0.4375  -0.40625  -0.375  -0.34375  -0.3125  -0.28125  -0.25  -0.21875  -0.1875  -0.15625  -0.125  -0.09375  -0.0625  -0.03125  0  
