0  0  0  0  0  0  0  0  0  0  0  0  0  0  0  0  0  0  0  0  0  0  0  0  0  0  0  0  0  0  0  0  0  
0.0208596  0.0208596  0.0208596  0.0208596  0.0208596  0.0208596  0.0208596  0.0208596  0.0208596  0.0208596  0.0208596  0.0208596  0.0208596  0.0208596  0.0208596  0.0208596  0.0208596  0.0208596  0.0208596  0.0208596  0.0208596  0.0208596  0.0208596  0.0208596  0.0208596  0.0208596  0.0208596  0.0208596  0.0208596  0.0208596  0.0208596  0.0208596  0.0208596  
0.0417982  0.0417982  0.0417982  0.0417982  0.0417982  0.0417982  0.0417982  0.0417982  0.0417982  0.0417982  0.0417982  0.0417982  0.0417982  0.0417982  0.0417982  0.0417982  0.0417982  0.0417982  0.0417982  0.0417982  0.0417982  0.0417982  0.0417982  0.0417982  0.0417982  0.0417982  0.0417982  0.0417982  0.0417982  0.0417982  0.0417982  0.0417982  0.0417982  
0.0628682  0.0628682  0.0628682  0.0628682  0.0628682  0.0628682  0.0628682  0.0628682  0.0628682  0.0628682  0.0628682  0.0628682  0.0628682  0.0628682  0.0628682  0.0628682  0.0628682  0.0628682  0.0628682  0.0628682  0.0628682  0.0628682  0.0628682  0.0628682  0.0628682  0.0628682  0.0628682  0.0628682  0.0628682  0.0628682  0.0628682  0.0628682  0.0628682  
0.0841223  0.0841223  0.0841223  0.0841223  0.0841223  0.0841223  0.0841223  0.0841223  0.0841223  0.0841223  0.0841223  0.0841223  0.0841223  0.0841223  0.0841223  0.0841223  0.0841223  0.0841223  0.0841223  0.0841223  0.0841223  0.0841223  0.0841223  0.0841223  0.0841223  0.0841223  0.0841223  0.0841223  0.0841223  0.0841223  0.0841223  0.0841223  0.0841223  
0.105613  0.105613  0.105613  0.105613  0.105613  0.105613  0.105613  0.105613  0.105613  0.105613  0.105613  0.105613  0.105613  0.105613  0.105613  0.105613  0.105613  0.105613  0.105613  0.105613  0.105613  0.105613  0.105613  0.105613  0.105613  0.105613  0.105613  0.105613  0.105613  0.105613  0.105613  0.105613  0.105613  
0.127393  0.127393  0.127393  0.127393  0.127393  0.127393  0.127393  0.127393  0.127393  0.127393  0.127393  0.127393  0.127393  0.127393  0.127393  0.127393  0.127393  0.127393  0.127393  0.127393  0.127393  0.127393  0.127393  0.127393  0.127393  0.127393  0.127393  0.127393  0.127393  0.127393  0.127393  0.127393  0.127393  
0.149515  0.149515  0.149515  0.149515  0.149515  0.149515  0.149515  0.149515  0.149515  0.149515  0.149515  0.149515  0.149515  0.149515  0.149515  0.149515  0.149515  0.149515  0.149515  0.149515  0.149515  0.149515  0.149515  0.149515  0.149515  0.149515  0.149515  0.149515  0.149515  0.149515  0.149515  0.149515  0.149515  
0.172032  0.172032  0.172032  0.172032  0.172032  0.172032  0.172032  0.172032  0.172032  0.172032  0.172032  0.172032  0.172032  0.172032  0.172032  0.172032  0.172032  0.172032  0.172032  0.172032  0.172032  0.172032  0.172032  0.172032  0.172032  0.172032  0.172032  0.172032  0.172032  0.172032  0.172032  0.172032  0.172032  
0.194995  0.194995  0.194995  0.194995  0.194995  0.194995  0.194995  0.194995  0.194995  0.194995  0.194995  0.194995  0.194995  0.194995  0.194995  0.194995  0.194995  0.194995  0.194995  0.194995  0.194995  0.194995  0.194995  0.194995  0.194995  0.194995  0.194995  0.194995  0.194995  0.194995  0.194995  0.194995  0.194995  
0.218459  0.218459  0.218459  0.218459  0.218459  0.218459  0.218459  0.218459  0.218459  0.218459  0.218459  0.218459  0.218459  0.218459  0.218459  0.218459  0.218459  0.218459  0.218459  0.218459  0.218459  0.218459  0.218459  0.218459  0.218459  0.218459  0.218459  0.218459  0.218459  0.218459  0.218459  0.218459  0.218459  
0.242474  0.242474  0.242474  0.242474  0.242474  0.242474  0.242474  0.242474  0.242474  0.242474  0.242474  0.242474  0.242474  0.242474  0.242474  0.242474  0.242474  0.242474  0.242474  0.242474  0.242474  0.242474  0.242474  0.242474  0.242474  0.242474  0.242474  0.242474  0.242474  0.242474  0.242474  0.242474  0.242474  
0.267094  0.267094  0.267094  0.267094  0.267094  0.267094  0.267094  0.267094  0.267094  0.267094  0.267094  0.267094  0.267094  0.267094  0.267094  0.267094  0.267094  0.267094  0.267094  0.267094  0.267094  0.267094  0.267094  0.267094  0.267094  0.267094  0.267094  0.267094  0.267094  0.267094  0.267094  0.267094  0.267094  
0.292372  0.292372  0.292372  0.292372  0.292372  0.292372  0.292372  0.292372  0.292372  0.292372  0.292372  0.292372  0.292372  0.292372  0.292372  0.292372  0.292372  0.292372  0.292372  0.292372  0.292372  0.292372  0.292372  0.292372  0.292372  0.292372  0.292372  0.292372  0.292372  0.292372  0.292372  0.292372  0.292372  
0.31836  0.31836  0.31836  0.31836  0.31836  0.31836  0.31836  0.31836  0.31836  0.31836  0.31836  0.31836  0.31836  0.31836  0.31836  0.31836  0.31836  0.31836  0.31836  0.31836  0.31836  0.31836  0.31836  0.31836  0.31836  0.31836  0.31836  0.31836  0.31836  0.31836  0.31836  0.31836  0.31836  
0.345111  0.345111  0.345111  0.345111  0.345111  0.345111  0.345111  0.345111  0.345111  0.345111  0.345111  0.345111  0.345111  0.345111  0.345111  0.345111  0.345111  0.345111  0.345111  0.345111  0.345111  0.345111  0.345111  0.345111  0.345111  0.345111  0.345111  0.345111  0.345111  0.345111  0.345111  0.345111  0.345111  
0.372677  0.372677  0.372677  0.372677  0.372677  0.372677  0.372677  0.372677  0.372677  0.372677  0.372677  0.372677  0.372677  0.372677  0.372677  0.372677  0.372677  0.372677  0.372677  0.372677  0.372677  0.372677  0.372677  0.372677  0.372677  0.372677  0.372677  0.372677  0.372677  0.372677  0.372677  0.372677  0.372677  
0.401111  0.401111  0.401111  0.401111  0.401111  0.401111  0.401111  0.401111  0.401111  0.401111  0.401111  0.401111  0.401111  0.401111  0.401111  0.401111  0.401111  0.401111  0.401111  0.401111  0.401111  0.401111  0.401111  0.401111  0.401111  0.401111  0.401111  0.401111  0.401111  0.401111  0.401111  0.401111  0.401111  
0.430465  0.430465  0.430465  0.430465  0.430465  0.430465  0.430465  0.430465  0.430465  0.430465  0.430465  0.430465  0.430465  0.430465  0.430465  0.430465  0.430465  0.430465  0.430465  0.430465  0.430465  0.430465  0.430465  0.430465  0.430465  0.430465  0.430465  0.430465  0.430465  0.430465  0.430465  0.430465  0.430465  
0.460792  0.460792  0.460792  0.460792  0.460792  0.460792  0.460792  0.460792  0.460792  0.460792  0.460792  0.460792  0.460792  0.460792  0.460792  0.460792  0.460792  0.460792  0.460792  0.460792  0.460792  0.460792  0.460792  0.460792  0.460792  0.460792  0.460792  0.460792  0.460792  0.460792  0.460792  0.460792  0.460792  
0.492145  0.492145  0.492145  0.492145  0.492145  0.492145  0.492145  0.492145  0.492145  0.492145  0.492145  0.492145  0.492145  0.492145  0.492145  0.492145  0.492145  0.492145  0.492145  0.492145  0.492145  0.492145  0.492145  0.492145  0.492145  0.492145  0.492145  0.492145  0.492145  0.492145  0.492145  0.492145  0.492145  
0.524577  0.524577  0.524577  0.524577  0.524577  0.524577  0.524577  0.524577  0.524577  0.524577  0.524577  0.524577  0.524577  0.524577  0.524577  0.524577  0.524577  0.524577  0.524577  0.524577  0.524577  0.524577  0.524577  0.524577  0.524577  0.524577  0.524577  0.524577  0.524577  0.524577  0.524577  0.524577  0.524577  
0.558139  0.558139  0.558139  0.558139  0.558139  0.558139  0.558139  0.558139  0.558139  0.558139  0.558139  0.558139  0.558139  0.558139  0.558139  0.558139  0.558139  0.558139  0.558139  0.558139  0.558139  0.558139  0.558139  0.558139  0.558139  0.558139  0.558139  0.558139  0.558139  0.558139  0.558139  0.558139  0.558139  
0.592884  0.592884  0.592884  0.592884  0.592884  0.592884  0.592884  0.592884  0.592884  0.592884  0.592884  0.592884  0.592884  0.592884  0.592884  0.592884  0.592884  0.592884  0.592884  0.592884  0.592884  0.592884  0.592884  0.592884  0.592884  0.592884  0.592884  0.592884  0.592884  0.592884  0.592884  0.592884  0.592884  
0.628866  0.628866  0.628866  0.628866  0.628866  0.628866  0.628866  0.628866  0.628866  0.628866  0.628866  0.628866  0.628866  0.628866  0.628866  0.628866  0.628866  0.628866  0.628866  0.628866  0.628866  0.628866  0.628866  0.628866  0.628866  0.628866  0.628866  0.628866  0.628866  0.628866  0.628866  0.628866  0.628866  
0.666136  0.666136  0.666136  0.666136  0.666136  0.666136  0.666136  0.666136  0.666136  0.666136  0.666136  0.666136  0.666136  0.666136  0.666136  0.666136  0.666136  0.666136  0.666136  0.666136  0.666136  0.666136  0.666136  0.666136  0.666136  0.666136  0.666136  0.666136  0.666136  0.666136  0.666136  0.666136  0.666136  
0.704748  0.704748  0.704748  0.704748  0.704748  0.704748  0.704748  0.704748  0.704748  0.704748  0.704748  0.704748  0.704748  0.704748  0.704748  0.704748  0.704748  0.704748  0.704748  0.704748  0.704748  0.704748  0.704748  0.704748  0.704748  0.704748  0.704748  0.704748  0.704748  0.704748  0.704748  0.704748  0.704748  
0.744753  0.744753  0.744753  0.744753  0.744753  0.744753  0.744753  0.744753  0.744753  0.744753  0.744753  0.744753  0.744753  0.744753  0.744753  0.744753  0.744753  0.744753  0.744753  0.744753  0.744753  0.744753  0.744753  0.744753  0.744753  0.744753  0.744753  0.744753  0.744753  0.744753  0.744753  0.744753  0.744753  
0.786205  0.786205  0.786205  0.786205  0.786205  0.786205  0.786205  0.786205  0.786205  0.786205  0.786205  0.786205  0.786205  0.786205  0.786205  0.786205  0.786205  0.786205  0.786205  0.786205  0.786205  0.786205  0.786205  0.786205  0.786205  0.786205  0.786205  0.786205  0.786205  0.786205  0.786205  0.786205  0.786205  
0.829156  0.829156  0.829156  0.829156  0.829156  0.829156  0.829156  0.829156  0.829156  0.829156  0.829156  0.829156  0.829156  0.829156  0.829156  0.829156  0.829156  0.829156  0.829156  0.829156  0.829156  0.829156  0.829156  0.829156  0.829156  0.829156  0.829156  0.829156  0.829156  0.829156  0.829156  0.829156  0.829156  
0.873659  0.873659  0.873659  0.873659  0.873659  0.873659  0.873659  0.873659  0.873659  0.873659  0.873659  0.873659  0.873659  0.873659  0.873659  0.873659  0.873659  0.873659  0.873659  0.873659  0.873659  0.873659  0.873659  0.873659  0.873659  0.873659  0.873659  0.873659  0.873659  0.873659  0.873659  0.873659  0.873659  
0.919766  0.919766  0.919766  0.919766  0.919766  0.919766  0.919766  0.919766  0.919766  0.919766  0.919766  0.919766  0.919766  0.919766  0.919766  0.919766  0.919766  0.919766  0.919766  0.919766  0.919766  0.919766  0.919766  0.919766  0.919766  0.919766  0.919766  0.919766  0.919766  0.919766  0.919766  0.919766  0.919766  
0.967529  0.967529  0.967529  0.967529  0.967529  0.967529  0.967529  0.967529  0.967529  0.967529  0.967529  0.967529  0.967529  0.967529  0.967529  0.967529  0.967529  0.967529  0.967529  0.967529  0.967529  0.967529  0.967529  0.967529  0.967529  0.967529  0.967529  0.967529  0.967529  0.967529  0.967529  0.967529  0.967529  
1.017  1.017  1.017  1.017  1.017  1.017  1.017  1.017  1.017  1.017  1.017  1.017  1.017  1.017  1.017  1.017  1.017  1.017  1.017  1.017  1.017  1.017  1.017  1.017  1.017  1.017  1.017  1.017  1.017  1.017  1.017  1.017  1.017  
1.06824  1.06824  1.06824  1.06824  1.06824  1.06824  1.06824  1.06824  1.06824  1.06824  1.06824  1.06824  1.06824  1.06824  1.06824  1.06824  1.06824  1.06824  1.06824  1.06824  1.06824  1.06824  1.06824  1.06824  1.06824  1.06824  1.06824  1.06824  1.06824  1.06824  1.06824  1.06824  1.06824  
1.12129  1.12129  1.12129  1.12129  1.12129  1.12129  1.12129  1.12129  1.12129  1.12129  1.12129  1.12129  1.12129  1.12129  1.12129  1.12129  1.12129  1.12129  1.12129  1.12129  1.12129  1.12129  1.12129  1.12129  1.12129  1.12129  1.12129  1.12129  1.12129  1.12129  1.12129  1.12129  1.12129  
1.1762  1.1762  1.1762  1.1762  1.1762  1.1762  1.1762  1.1762  1.1762  1.1762  1.1762  1.1762  1.1762  1.1762  1.1762  1.1762  1.1762  1.1762  1.1762  1.1762  1.1762  1.1762  1.1762  1.1762  1.1762  1.1762  1.1762  1.1762  1.1762  1.1762  1.1762  1.1762  1.1762  
1.23304  1.23304  1.23304  1.23304  1.23304  1.23304  1.23304  1.23304  1.23304  1.23304  1.23304  1.23304  1.23304  1.23304  1.23304  1.23304  1.23304  1.23304  1.23304  1.23304  1.23304  1.23304  1.23304  1.23304  1.23304  1.23304  1.23304  1.23304  1.23304  1.23304  1.23304  1.23304  1.23304  
1.29185  1.29185  1.29185  1.29185  1.29185  1.29185  1.29185  1.29185  1.29185  1.29185  1.29185  1.29185  1.29185  1.29185  1.29185  1.29185  1.29185  1.29185  1.29185  1.29185  1.29185  1.29185  1.29185  1.29185  1.29185  1.29185  1.29185  1.29185  1.29185  1.29185  1.29185  1.29185  1.29185  
1.35269  1.35269  1.35269  1.35269  1.35269  1.35269  1.35269  1.35269  1.35269  1.35269  1.35269  1.35269  1.35269  1.35269  1.35269  1.35269  1.35269  1.35269  1.35269  1.35269  1.35269  1.35269  1.35269  1.35269  1.35269  1.35269  1.35269  1.35269  1.35269  1.35269  1.35269  1.35269  1.35269  
1.4156  1.4156  1.4156  1.4156  1.4156  1.4156  1.4156  1.4156  1.4156  1.4156  1.4156  1.4156  1.4156  1.4156  1.4156  1.4156  1.4156  1.4156  1.4156  1.4156  1.4156  1.4156  1.4156  1.4156  1.4156  1.4156  1.4156  1.4156  1.4156  1.4156  1.4156  1.4156  1.4156  
1.48064  1.48064  1.48064  1.48064  1.48064  1.48064  1.48064  1.48064  1.48064  1.48064  1.48064  1.48064  1.48064  1.48064  1.48064  1.48064  1.48064  1.48064  1.48064  1.48064  1.48064  1.48064  1.48064  1.48064  1.48064  1.48064  1.48064  1.48064  1.48064  1.48064  1.48064  1.48064  1.48064  
1.54786  1.54786  1.54786  1.54786  1.54786  1.54786  1.54786  1.54786  1.54786  1.54786  1.54786  1.54786  1.54786  1.54786  1.54786  1.54786  1.54786  1.54786  1.54786  1.54786  1.54786  1.54786  1.54786  1.54786  1.54786  1.54786  1.54786  1.54786  1.54786  1.54786  1.54786  1.54786  1.54786  
1.61733  1.61733  1.61733  1.61733  1.61733  1.61733  1.61733  1.61733  1.61733  1.61733  1.61733  1.61733  1.61733  1.61733  1.61733  1.61733  1.61733  1.61733  1.61733  1.61733  1.61733  1.61733  1.61733  1.61733  1.61733  1.61733  1.61733  1.61733  1.61733  1.61733  1.61733  1.61733  1.61733  
1.68907  1.68907  1.68907  1.68907  1.68907  1.68907  1.68907  1.68907  1.68907  1.68907  1.68907  1.68907  1.68907  1.68907  1.68907  1.68907  1.68907  1.68907  1.68907  1.68907  1.68907  1.68907  1.68907  1.68907  1.68907  1.68907  1.68907  1.68907  1.68907  1.68907  1.68907  1.68907  1.68907  
1.76316  1.76316  1.76316  1.76316  1.76316  1.76316  1.76316  1.76316  1.76316  1.76316  1.76316  1.76316  1.76316  1.76316  1.76316  1.76316  1.76316  1.76316  1.76316  1.76316  1.76316  1.76316  1.76316  1.76316  1.76316  1.76316  1.76316  1.76316  1.76316  1.76316  1.76316  1.76316  1.76316  
1.83965  1.83965  1.83965  1.83965  1.83965  1.83965  1.83965  1.83965  1.83965  1.83965  1.83965  1.83965  1.83965  1.83965  1.83965  1.83965  1.83965  1.83965  1.83965  1.83965  1.83965  1.83965  1.83965  1.83965  1.83965  1.83965  1.83965  1.83965  1.83965  1.83965  1.83965  1.83965  1.83965  
1.91857  1.91857  1.91857  1.91857  1.91857  1.91857  1.91857  1.91857  1.91857  1.91857  1.91857  1.91857  1.91857  1.91857  1.91857  1.91857  1.91857  1.91857  1.91857  1.91857  1.91857  1.91857  1.91857  1.91857  1.91857  1.91857  1.91857  1.91857  1.91857  1.91857  1.91857  1.91857  1.91857  
2  2  2  2  2  2  2  2  2  2  2  2  2  2  2  2  2  2  2  2  2  2  2  2  2  2  2  2  2  2  2  2  2  
