-3.5 0
-3.28973 0
-3.09047 0
-2.90188 0
-2.7236 0
-2.55529 0
-2.39659 0
-2.24716 0
-2.10664 0
-1.97469 0
-1.85096 0
-1.7351 0
-1.62675 0
-1.52557 0
-1.43121 0
-1.34331 0
-1.26154 0
-1.18553 0
-1.11495 0
-1.04943 0
-0.988636 0
-0.932212 0
-0.879808 0
-0.831075 0
-0.785664 0
-0.743226 0
-0.703409 0
-0.665865 0
-0.630245 0
-0.596198 0
-0.563374 0
-0.531425 0
-0.5 0
-0.46875 0.0125483
-0.4375 0.0241706
-0.40625 0.0348931
-0.375 0.0447389
-0.34375 0.0537288
-0.3125 0.061881
-0.28125 0.0692117
-0.25 0.0757351
-0.21875 0.0814634
-0.1875 0.0864073
-0.15625 0.0905758
-0.125 0.0939764
-0.09375 0.0966152
-0.0625 0.0984967
-0.03125 0.0996243
-3.5 0.0208596
-3.28973 0.0208596
-3.09047 0.0208596
-2.90188 0.0208596
-2.7236 0.0208596
-2.55529 0.0208596
-2.39659 0.0208596
-2.24716 0.0208596
-2.10664 0.0208596
-1.97469 0.0208596
-1.85096 0.0208596
-1.7351 0.0208596
-1.62675 0.0208596
-1.52557 0.0208596
-1.43121 0.0208596
-1.34331 0.0208596
-1.26154 0.0208596
-1.18553 0.0208596
-1.11495 0.0208596
-1.04943 0.0208596
-0.988636 0.0208596
-0.932212 0.0208596
-0.879808 0.0208596
-0.831075 0.0208596
-0.785664 0.0208596
-0.743226 0.0208596
-0.703409 0.0208596
-0.665865 0.0208596
-0.630245 0.0208596
-0.596198 0.0208596
-0.563374 0.0208596
-0.531425 0.0208596
-0.5 0.0208596
-0.46875 0.0334076
-0.4375 0.0450296
-0.40625 0.0557518
-0.375 0.0655974
-0.34375 0.074587
-0.3125 0.082739
-0.28125 0.0900696
-0.25 0.0965927
-0.21875 0.102321
-0.1875 0.107265
-0.15625 0.111433
-0.125 0.114834
-0.09375 0.117472
-0.0625 0.119354
-0.03125 0.120481
-3.5 0.0417982
-3.28973 0.0417982
-3.09047 0.0417982
-2.90188 0.0417982
-2.7236 0.0417982
-2.55529 0.0417982
-2.39659 0.0417982
-2.24716 0.0417982
-2.10664 0.0417982
-1.97469 0.0417982
-1.85096 0.0417982
-1.7351 0.0417982
-1.62675 0.0417982
-1.52557 0.0417982
-1.43121 0.0417982
-1.34331 0.0417982
-1.26154 0.0417982
-1.18553 0.0417982
-1.11495 0.0417982
-1.04943 0.0417982
-0.988636 0.0417982
-0.932212 0.0417982
-0.879808 0.0417982
-0.831075 0.0417982
-0.785664 0.0417982
-0.743226 0.0417982
-0.703409 0.0417982
-0.665865 0.0417982
-0.630245 0.0417982
-0.596198 0.0417982
-0.563374 0.0417982
-0.531425 0.0417982
-0.5 0.0417982
-0.46875 0.0543448
-0.4375 0.0659656
-0.40625 0.0766867
-0.375 0.0865312
-0.34375 0.0955199
-0.3125 0.103671
-0.28125 0.111001
-0.25 0.117523
-0.21875 0.123251
-0.1875 0.128194
-0.15625 0.132362
-0.125 0.135762
-0.09375 0.138401
-0.0625 0.140282
-0.03125 0.141409
-3.5 0.0628682
-3.28973 0.0628682
-3.09047 0.0628682
-2.90188 0.0628682
-2.7236 0.0628682
-2.55529 0.0628682
-2.39659 0.0628682
-2.24716 0.0628682
-2.10664 0.0628682
-1.97469 0.0628682
-1.85096 0.0628682
-1.7351 0.0628682
-1.62675 0.0628682
-1.52557 0.0628682
-1.43121 0.0628682
-1.34331 0.0628682
-1.26154 0.0628682
-1.18553 0.0628682
-1.11495 0.0628682
-1.04943 0.0628682
-0.988636 0.0628682
-0.932212 0.0628682
-0.879808 0.0628682
-0.831075 0.0628682
-0.785664 0.0628682
-0.743226 0.0628682
-0.703409 0.0628682
-0.665865 0.0628682
-0.630245 0.0628682
-0.596198 0.0628682
-0.563374 0.0628682
-0.531425 0.0628682
-0.5 0.0628682
-0.46875 0.0754119
-0.4375 0.0870299
-0.40625 0.0977484
-0.375 0.107591
-0.34375 0.116577
-0.3125 0.124726
-0.28125 0.132054
-0.25 0.138575
-0.21875 0.144302
-0.1875 0.149244
-0.15625 0.153411
-0.125 0.15681
-0.09375 0.159448
-0.0625 0.161329
-0.03125 0.162456
-3.5 0.0841223
-3.28973 0.0841223
-3.09047 0.0841223
-2.90188 0.0841223
-2.7236 0.0841223
-2.55529 0.0841223
-2.39659 0.0841223
-2.24716 0.0841223
-2.10664 0.0841223
-1.97469 0.0841223
-1.85096 0.0841223
-1.7351 0.0841223
-1.62675 0.0841223
-1.52557 0.0841223
-1.43121 0.0841223
-1.34331 0.0841223
-1.26154 0.0841223
-1.18553 0.0841223
-1.11495 0.0841223
-1.04943 0.0841223
-0.988636 0.0841223
-0.932212 0.0841223
-0.879808 0.0841223
-0.831075 0.0841223
-0.785664 0.0841223
-0.743226 0.0841223
-0.703409 0.0841223
-0.665865 0.0841223
-0.630245 0.0841223
-0.596198 0.0841223
-0.563374 0.0841223
-0.531425 0.0841223
-0.5 0.0841223
-0.46875 0.0966607
-0.4375 0.108274
-0.40625 0.118988
-0.375 0.128826
-0.34375 0.137809
-0.3125 0.145955
-0.28125 0.153279
-0.25 0.159798
-0.21875 0.165521
-0.1875 0.170461
-0.15625 0.174627
-0.125 0.178025
-0.09375 0.180661
-0.0625 0.182541
-0.03125 0.183668
-3.5 0.105613
-3.28973 0.105613
-3.09047 0.105613
-2.90188 0.105613
-2.7236 0.105613
-2.55529 0.105613
-2.39659 0.105613
-2.24716 0.105613
-2.10664 0.105613
-1.97469 0.105613
-1.85096 0.105613
-1.7351 0.105613
-1.62675 0.105613
-1.52557 0.105613
-1.43121 0.105613
-1.34331 0.105613
-1.26154 0.105613
-1.18553 0.105613
-1.11495 0.105613
-1.04943 0.105613
-0.988636 0.105613
-0.932212 0.105613
-0.879808 0.105613
-0.831075 0.105613
-0.785664 0.105613
-0.743226 0.105613
-0.703409 0.105613
-0.665865 0.105613
-0.630245 0.105613
-0.596198 0.105613
-0.563374 0.105613
-0.531425 0.105613
-0.5 0.105613
-0.46875 0.118143
-0.4375 0.129749
-0.40625 0.140456
-0.375 0.150287
-0.34375 0.159264
-0.3125 0.167405
-0.28125 0.174725
-0.25 0.181239
-0.21875 0.186959
-0.1875 0.191895
-0.15625 0.196058
-0.125 0.199454
-0.09375 0.202089
-0.0625 0.203967
-0.03125 0.205093
-3.5 0.127393
-3.28973 0.127393
-3.09047 0.127393
-2.90188 0.127393
-2.7236 0.127393
-2.55529 0.127393
-2.39659 0.127393
-2.24716 0.127393
-2.10664 0.127393
-1.97469 0.127393
-1.85096 0.127393
-1.7351 0.127393
-1.62675 0.127393
-1.52557 0.127393
-1.43121 0.127393
-1.34331 0.127393
-1.26154 0.127393
-1.18553 0.127393
-1.11495 0.127393
-1.04943 0.127393
-0.988636 0.127393
-0.932212 0.127393
-0.879808 0.127393
-0.831075 0.127393
-0.785664 0.127393
-0.743226 0.127393
-0.703409 0.127393
-0.665865 0.127393
-0.630245 0.127393
-0.596198 0.127393
-0.563374 0.127393
-0.531425 0.127393
-0.5 0.127393
-0.46875 0.139912
-0.4375 0.151506
-0.40625 0.162203
-0.375 0.172025
-0.34375 0.180993
-0.3125 0.189126
-0.28125 0.196439
-0.25 0.202947
-0.21875 0.208662
-0.1875 0.213594
-0.15625 0.217752
-0.125 0.221145
-0.09375 0.223777
-0.0625 0.225654
-0.03125 0.226779
-3.5 0.149515
-3.28973 0.149515
-3.09047 0.149515
-2.90188 0.149515
-2.7236 0.149515
-2.55529 0.149515
-2.39659 0.149515
-2.24716 0.149515
-2.10664 0.149515
-1.97469 0.149515
-1.85096 0.149515
-1.7351 0.149515
-1.62675 0.149515
-1.52557 0.149515
-1.43121 0.149515
-1.34331 0.149515
-1.26154 0.149515
-1.18553 0.149515
-1.11495 0.149515
-1.04943 0.149515
-0.988636 0.149515
-0.932212 0.149515
-0.879808 0.149515
-0.831075 0.149515
-0.785664 0.149515
-0.743226 0.149515
-0.703409 0.149515
-0.665865 0.149515
-0.630245 0.149515
-0.596198 0.149515
-0.563374 0.149515
-0.531425 0.149515
-0.5 0.149515
-0.46875 0.162017
-0.4375 0.173597
-0.40625 0.18428
-0.375 0.194089
-0.34375 0.203046
-0.3125 0.211168
-0.28125 0.218472
-0.25 0.224971
-0.21875 0.230679
-0.1875 0.235604
-0.15625 0.239758
-0.125 0.243146
-0.09375 0.245775
-0.0625 0.247649
-0.03125 0.248773
-3.5 0.172032
-3.28973 0.172032
-3.09047 0.172032
-2.90188 0.172032
-2.7236 0.172032
-2.55529 0.172032
-2.39659 0.172032
-2.24716 0.172032
-2.10664 0.172032
-1.97469 0.172032
-1.85096 0.172032
-1.7351 0.172032
-1.62675 0.172032
-1.52557 0.172032
-1.43121 0.172032
-1.34331 0.172032
-1.26154 0.172032
-1.18553 0.172032
-1.11495 0.172032
-1.04943 0.172032
-0.988636 0.172032
-0.932212 0.172032
-0.879808 0.172032
-0.831075 0.172032
-0.785664 0.172032
-0.743226 0.172032
-0.703409 0.172032
-0.665865 0.172032
-0.630245 0.172032
-0.596198 0.172032
-0.563374 0.172032
-0.531425 0.172032
-0.5 0.172032
-0.46875 0.184513
-0.4375 0.196073
-0.40625 0.206738
-0.375 0.216531
-0.34375 0.225472
-0.3125 0.233581
-0.28125 0.240872
-0.25 0.24736
-0.21875 0.253058
-0.1875 0.257975
-0.15625 0.262122
-0.125 0.265504
-0.09375 0.268129
-0.0625 0.27
-0.03125 0.271122
-3.5 0.194995
-3.28973 0.194995
-3.09047 0.194995
-2.90188 0.194995
-2.7236 0.194995
-2.55529 0.194995
-2.39659 0.194995
-2.24716 0.194995
-2.10664 0.194995
-1.97469 0.194995
-1.85096 0.194995
-1.7351 0.194995
-1.62675 0.194995
-1.52557 0.194995
-1.43121 0.194995
-1.34331 0.194995
-1.26154 0.194995
-1.18553 0.194995
-1.11495 0.194995
-1.04943 0.194995
-0.988636 0.194995
-0.932212 0.194995
-0.879808 0.194995
-0.831075 0.194995
-0.785664 0.194995
-0.743226 0.194995
-0.703409 0.194995
-0.665865 0.194995
-0.630245 0.194995
-0.596198 0.194995
-0.563374 0.194995
-0.531425 0.194995
-0.5 0.194995
-0.46875 0.20745
-0.4375 0.218985
-0.40625 0.229627
-0.375 0.239399
-0.34375 0.248321
-0.3125 0.256412
-0.28125 0.263688
-0.25 0.270163
-0.21875 0.275848
-0.1875 0.280755
-0.15625 0.284892
-0.125 0.288267
-0.09375 0.290886
-0.0625 0.292754
-0.03125 0.293873
-3.5 0.218459
-3.28973 0.218459
-3.09047 0.218459
-2.90188 0.218459
-2.7236 0.218459
-2.55529 0.218459
-2.39659 0.218459
-2.24716 0.218459
-2.10664 0.218459
-1.97469 0.218459
-1.85096 0.218459
-1.7351 0.218459
-1.62675 0.218459
-1.52557 0.218459
-1.43121 0.218459
-1.34331 0.218459
-1.26154 0.218459
-1.18553 0.218459
-1.11495 0.218459
-1.04943 0.218459
-0.988636 0.218459
-0.932212 0.218459
-0.879808 0.218459
-0.831075 0.218459
-0.785664 0.218459
-0.743226 0.218459
-0.703409 0.218459
-0.665865 0.218459
-0.630245 0.218459
-0.596198 0.218459
-0.563374 0.218459
-0.531425 0.218459
-0.5 0.218459
-0.46875 0.23088
-0.4375 0.242384
-0.40625 0.252998
-0.375 0.262744
-0.34375 0.271643
-0.3125 0.279713
-0.28125 0.286969
-0.25 0.293427
-0.21875 0.299097
-0.1875 0.303991
-0.15625 0.308117
-0.125 0.311483
-0.09375 0.314095
-0.0625 0.315958
-0.03125 0.317074
-3.5 0.242474
-3.28973 0.242474
-3.09047 0.242474
-2.90188 0.242474
-2.7236 0.242474
-2.55529 0.242474
-2.39659 0.242474
-2.24716 0.242474
-2.10664 0.242474
-1.97469 0.242474
-1.85096 0.242474
-1.7351 0.242474
-1.62675 0.242474
-1.52557 0.242474
-1.43121 0.242474
-1.34331 0.242474
-1.26154 0.242474
-1.18553 0.242474
-1.11495 0.242474
-1.04943 0.242474
-0.988636 0.242474
-0.932212 0.242474
-0.879808 0.242474
-0.831075 0.242474
-0.785664 0.242474
-0.743226 0.242474
-0.703409 0.242474
-0.665865 0.242474
-0.630245 0.242474
-0.596198 0.242474
-0.563374 0.242474
-0.531425 0.242474
-0.5 0.242474
-0.46875 0.254855
-0.4375 0.266323
-0.40625 0.276903
-0.375 0.286618
-0.34375 0.295488
-0.3125 0.303532
-0.28125 0.310765
-0.25 0.317201
-0.21875 0.322853
-0.1875 0.327731
-0.15625 0.331845
-0.125 0.3352
-0.09375 0.337804
-0.0625 0.33966
-0.03125 0.340773
-3.5 0.267094
-3.28973 0.267094
-3.09047 0.267094
-2.90188 0.267094
-2.7236 0.267094
-2.55529 0.267094
-2.39659 0.267094
-2.24716 0.267094
-2.10664 0.267094
-1.97469 0.267094
-1.85096 0.267094
-1.7351 0.267094
-1.62675 0.267094
-1.52557 0.267094
-1.43121 0.267094
-1.34331 0.267094
-1.26154 0.267094
-1.18553 0.267094
-1.11495 0.267094
-1.04943 0.267094
-0.988636 0.267094
-0.932212 0.267094
-0.879808 0.267094
-0.831075 0.267094
-0.785664 0.267094
-0.743226 0.267094
-0.703409 0.267094
-0.665865 0.267094
-0.630245 0.267094
-0.596198 0.267094
-0.563374 0.267094
-0.531425 0.267094
-0.5 0.267094
-0.46875 0.279428
-0.4375 0.290852
-0.40625 0.301391
-0.375 0.311069
-0.34375 0.319905
-0.3125 0.327918
-0.28125 0.335123
-0.25 0.341535
-0.21875 0.347165
-0.1875 0.352025
-0.15625 0.356122
-0.125 0.359464
-0.09375 0.362058
-0.0625 0.363907
-0.03125 0.365016
-3.5 0.292372
-3.28973 0.292372
-3.09047 0.292372
-2.90188 0.292372
-2.7236 0.292372
-2.55529 0.292372
-2.39659 0.292372
-2.24716 0.292372
-2.10664 0.292372
-1.97469 0.292372
-1.85096 0.292372
-1.7351 0.292372
-1.62675 0.292372
-1.52557 0.292372
-1.43121 0.292372
-1.34331 0.292372
-1.26154 0.292372
-1.18553 0.292372
-1.11495 0.292372
-1.04943 0.292372
-0.988636 0.292372
-0.932212 0.292372
-0.879808 0.292372
-0.831075 0.292372
-0.785664 0.292372
-0.743226 0.292372
-0.703409 0.292372
-0.665865 0.292372
-0.630245 0.292372
-0.596198 0.292372
-0.563374 0.292372
-0.531425 0.292372
-0.5 0.292372
-0.46875 0.30465
-0.4375 0.316022
-0.40625 0.326514
-0.375 0.336148
-0.34375 0.344944
-0.3125 0.352921
-0.28125 0.360093
-0.25 0.366476
-0.21875 0.372081
-0.1875 0.376919
-0.15625 0.380997
-0.125 0.384325
-0.09375 0.386907
-0.0625 0.388748
-0.03125 0.389851
-3.5 0.31836
-3.28973 0.31836
-3.09047 0.31836
-2.90188 0.31836
-2.7236 0.31836
-2.55529 0.31836
-2.39659 0.31836
-2.24716 0.31836
-2.10664 0.31836
-1.97469 0.31836
-1.85096 0.31836
-1.7351 0.31836
-1.62675 0.31836
-1.52557 0.31836
-1.43121 0.31836
-1.34331 0.31836
-1.26154 0.31836
-1.18553 0.31836
-1.11495 0.31836
-1.04943 0.31836
-0.988636 0.31836
-0.932212 0.31836
-0.879808 0.31836
-0.831075 0.31836
-0.785664 0.31836
-0.743226 0.31836
-0.703409 0.31836
-0.665865 0.31836
-0.630245 0.31836
-0.596198 0.31836
-0.563374 0.31836
-0.531425 0.31836
-0.5 0.31836
-0.46875 0.330574
-0.4375 0.341886
-0.40625 0.352322
-0.375 0.361905
-0.34375 0.370655
-0.3125 0.37859
-0.28125 0.385725
-0.25 0.392074
-0.21875 0.397649
-0.1875 0.402461
-0.15625 0.406518
-0.125 0.409828
-0.09375 0.412397
-0.0625 0.414228
-0.03125 0.415325
-3.5 0.345111
-3.28973 0.345111
-3.09047 0.345111
-2.90188 0.345111
-2.7236 0.345111
-2.55529 0.345111
-2.39659 0.345111
-2.24716 0.345111
-2.10664 0.345111
-1.97469 0.345111
-1.85096 0.345111
-1.7351 0.345111
-1.62675 0.345111
-1.52557 0.345111
-1.43121 0.345111
-1.34331 0.345111
-1.26154 0.345111
-1.18553 0.345111
-1.11495 0.345111
-1.04943 0.345111
-0.988636 0.345111
-0.932212 0.345111
-0.879808 0.345111
-0.831075 0.345111
-0.785664 0.345111
-0.743226 0.345111
-0.703409 0.345111
-0.665865 0.345111
-0.630245 0.345111
-0.596198 0.345111
-0.563374 0.345111
-0.531425 0.345111
-0.5 0.345111
-0.46875 0.35725
-0.4375 0.368493
-0.40625 0.378866
-0.375 0.388391
-0.34375 0.397088
-0.3125 0.404974
-0.28125 0.412066
-0.25 0.418376
-0.21875 0.423918
-0.1875 0.4287
-0.15625 0.432733
-0.125 0.436023
-0.09375 0.438575
-0.0625 0.440396
-0.03125 0.441486
-3.5 0.372677
-3.28973 0.372677
-3.09047 0.372677
-2.90188 0.372677
-2.7236 0.372677
-2.55529 0.372677
-2.39659 0.372677
-2.24716 0.372677
-2.10664 0.372677
-1.97469 0.372677
-1.85096 0.372677
-1.7351 0.372677
-1.62675 0.372677
-1.52557 0.372677
-1.43121 0.372677
-1.34331 0.372677
-1.26154 0.372677
-1.18553 0.372677
-1.11495 0.372677
-1.04943 0.372677
-0.988636 0.372677
-0.932212 0.372677
-0.879808 0.372677
-0.831075 0.372677
-0.785664 0.372677
-0.743226 0.372677
-0.703409 0.372677
-0.665865 0.372677
-0.630245 0.372677
-0.596198 0.372677
-0.563374 0.372677
-0.531425 0.372677
-0.5 0.372677
-0.46875 0.384732
-0.4375 0.395897
-0.40625 0.406197
-0.375 0.415656
-0.34375 0.424292
-0.3125 0.432123
-0.28125 0.439166
-0.25 0.445432
-0.21875 0.450935
-0.1875 0.455685
-0.15625 0.459689
-0.125 0.462956
-0.09375 0.465491
-0.0625 0.467298
-0.03125 0.468382
-3.5 0.401111
-3.28973 0.401111
-3.09047 0.401111
-2.90188 0.401111
-2.7236 0.401111
-2.55529 0.401111
-2.39659 0.401111
-2.24716 0.401111
-2.10664 0.401111
-1.97469 0.401111
-1.85096 0.401111
-1.7351 0.401111
-1.62675 0.401111
-1.52557 0.401111
-1.43121 0.401111
-1.34331 0.401111
-1.26154 0.401111
-1.18553 0.401111
-1.11495 0.401111
-1.04943 0.401111
-0.988636 0.401111
-0.932212 0.401111
-0.879808 0.401111
-0.831075 0.401111
-0.785664 0.401111
-0.743226 0.401111
-0.703409 0.401111
-0.665865 0.401111
-0.630245 0.401111
-0.596198 0.401111
-0.563374 0.401111
-0.531425 0.401111
-0.5 0.401111
-0.46875 0.41307
-0.4375 0.424147
-0.40625 0.434366
-0.375 0.443749
-0.34375 0.452317
-0.3125 0.460087
-0.28125 0.467073
-0.25 0.47329
-0.21875 0.47875
-0.1875 0.483462
-0.15625 0.487435
-0.125 0.490675
-0.09375 0.49319
-0.0625 0.494984
-0.03125 0.496058
-3.5 0.430465
-3.28973 0.430465
-3.09047 0.430465
-2.90188 0.430465
-2.7236 0.430465
-2.55529 0.430465
-2.39659 0.430465
-2.24716 0.430465
-2.10664 0.430465
-1.97469 0.430465
-1.85096 0.430465
-1.7351 0.430465
-1.62675 0.430465
-1.52557 0.430465
-1.43121 0.430465
-1.34331 0.430465
-1.26154 0.430465
-1.18553 0.430465
-1.11495 0.430465
-1.04943 0.430465
-0.988636 0.430465
-0.932212 0.430465
-0.879808 0.430465
-0.831075 0.430465
-0.785664 0.430465
-0.743226 0.430465
-0.703409 0.430465
-0.665865 0.430465
-0.630245 0.430465
-0.596198 0.430465
-0.563374 0.430465
-0.531425 0.430465
-0.5 0.430465
-0.46875 0.442317
-0.4375 0.453295
-0.40625 0.463423
-0.375 0.472722
-0.34375 0.481214
-0.3125 0.488914
-0.28125 0.495838
-0.25 0.501999
-0.21875 0.50741
-0.1875 0.51208
-0.15625 0.516017
-0.125 0.519229
-0.09375 0.521721
-0.0625 0.523499
-0.03125 0.524564
-3.5 0.460792
-3.28973 0.460792
-3.09047 0.460792
-2.90188 0.460792
-2.7236 0.460792
-2.55529 0.460792
-2.39659 0.460792
-2.24716 0.460792
-2.10664 0.460792
-1.97469 0.460792
-1.85096 0.460792
-1.7351 0.460792
-1.62675 0.460792
-1.52557 0.460792
-1.43121 0.460792
-1.34331 0.460792
-1.26154 0.460792
-1.18553 0.460792
-1.11495 0.460792
-1.04943 0.460792
-0.988636 0.460792
-0.932212 0.460792
-0.879808 0.460792
-0.831075 0.460792
-0.785664 0.460792
-0.743226 0.460792
-0.703409 0.460792
-0.665865 0.460792
-0.630245 0.460792
-0.596198 0.460792
-0.563374 0.460792
-0.531425 0.460792
-0.5 0.460792
-0.46875 0.472526
-0.4375 0.483393
-0.40625 0.493419
-0.375 0.502625
-0.34375 0.511031
-0.3125 0.518654
-0.28125 0.525508
-0.25 0.531608
-0.21875 0.536964
-0.1875 0.541587
-0.15625 0.545484
-0.125 0.548664
-0.09375 0.551131
-0.0625 0.552891
-0.03125 0.553945
-3.5 0.492145
-3.28973 0.492145
-3.09047 0.492145
-2.90188 0.492145
-2.7236 0.492145
-2.55529 0.492145
-2.39659 0.492145
-2.24716 0.492145
-2.10664 0.492145
-1.97469 0.492145
-1.85096 0.492145
-1.7351 0.492145
-1.62675 0.492145
-1.52557 0.492145
-1.43121 0.492145
-1.34331 0.492145
-1.26154 0.492145
-1.18553 0.492145
-1.11495 0.492145
-1.04943 0.492145
-0.988636 0.492145
-0.932212 0.492145
-0.879808 0.492145
-0.831075 0.492145
-0.785664 0.492145
-0.743226 0.492145
-0.703409 0.492145
-0.665865 0.492145
-0.630245 0.492145
-0.596198 0.492145
-0.563374 0.492145
-0.531425 0.492145
-0.5 0.492145
-0.46875 0.503747
-0.4375 0.514492
-0.40625 0.524405
-0.375 0.533507
-0.34375 0.541819
-0.3125 0.549356
-0.28125 0.556133
-0.25 0.562164
-0.21875 0.56746
-0.1875 0.572031
-0.15625 0.575885
-0.125 0.579029
-0.09375 0.581468
-0.0625 0.583208
-0.03125 0.58425
-3.5 0.524577
-3.28973 0.524577
-3.09047 0.524577
-2.90188 0.524577
-2.7236 0.524577
-2.55529 0.524577
-2.39659 0.524577
-2.24716 0.524577
-2.10664 0.524577
-1.97469 0.524577
-1.85096 0.524577
-1.7351 0.524577
-1.62675 0.524577
-1.52557 0.524577
-1.43121 0.524577
-1.34331 0.524577
-1.26154 0.524577
-1.18553 0.524577
-1.11495 0.524577
-1.04943 0.524577
-0.988636 0.524577
-0.932212 0.524577
-0.879808 0.524577
-0.831075 0.524577
-0.785664 0.524577
-0.743226 0.524577
-0.703409 0.524577
-0.665865 0.524577
-0.630245 0.524577
-0.596198 0.524577
-0.563374 0.524577
-0.531425 0.524577
-0.5 0.524577
-0.46875 0.536032
-0.4375 0.546643
-0.40625 0.556431
-0.375 0.56542
-0.34375 0.573627
-0.3125 0.581069
-0.28125 0.587762
-0.25 0.593717
-0.21875 0.598946
-0.1875 0.60346
-0.15625 0.607265
-0.125 0.61037
-0.09375 0.612779
-0.0625 0.614497
-0.03125 0.615526
-3.5 0.558139
-3.28973 0.558139
-3.09047 0.558139
-2.90188 0.558139
-2.7236 0.558139
-2.55529 0.558139
-2.39659 0.558139
-2.24716 0.558139
-2.10664 0.558139
-1.97469 0.558139
-1.85096 0.558139
-1.7351 0.558139
-1.62675 0.558139
-1.52557 0.558139
-1.43121 0.558139
-1.34331 0.558139
-1.26154 0.558139
-1.18553 0.558139
-1.11495 0.558139
-1.04943 0.558139
-0.988636 0.558139
-0.932212 0.558139
-0.879808 0.558139
-0.831075 0.558139
-0.785664 0.558139
-0.743226 0.558139
-0.703409 0.558139
-0.665865 0.558139
-0.630245 0.558139
-0.596198 0.558139
-0.563374 0.558139
-0.531425 0.558139
-0.5 0.558139
-0.46875 0.569435
-0.4375 0.579897
-0.40625 0.589549
-0.375 0.598412
-0.34375 0.606505
-0.3125 0.613844
-0.28125 0.620443
-0.25 0.626315
-0.21875 0.631472
-0.1875 0.635922
-0.15625 0.639675
-0.125 0.642736
-0.09375 0.645111
-0.0625 0.646805
-0.03125 0.64782
-3.5 0.592884
-3.28973 0.592884
-3.09047 0.592884
-2.90188 0.592884
-2.7236 0.592884
-2.55529 0.592884
-2.39659 0.592884
-2.24716 0.592884
-2.10664 0.592884
-1.97469 0.592884
-1.85096 0.592884
-1.7351 0.592884
-1.62675 0.592884
-1.52557 0.592884
-1.43121 0.592884
-1.34331 0.592884
-1.26154 0.592884
-1.18553 0.592884
-1.11495 0.592884
-1.04943 0.592884
-0.988636 0.592884
-0.932212 0.592884
-0.879808 0.592884
-0.831075 0.592884
-0.785664 0.592884
-0.743226 0.592884
-0.703409 0.592884
-0.665865 0.592884
-0.630245 0.592884
-0.596198 0.592884
-0.563374 0.592884
-0.531425 0.592884
-0.5 0.592884
-0.46875 0.604006
-0.4375 0.614306
-0.40625 0.623809
-0.375 0.632536
-0.34375 0.640503
-0.3125 0.647728
-0.28125 0.654225
-0.25 0.660007
-0.21875 0.665084
-0.1875 0.669466
-0.15625 0.67316
-0.125 0.676174
-0.09375 0.678513
-0.0625 0.68018
-0.03125 0.68118
