0  0.03125  0.0625  0.09375  0.125  0.15625  0.1875  0.21875  0.25  0.28125  0.3125  0.34375  0.375  0.40625  0.4375  0.46875  0.5  0.531425  0.563374  0.596198  0.630245  0.665865  0.703409  0.743226  0.785664  0.831075  0.879808  0.932212  0.988636  1.04943  1.11495  1.18553  1.26154  1.34331  1.43121  1.52557  1.62675  1.7351  1.85096  1.97469  2.10664  2.24716  2.39659  2.55529  2.7236  2.90188  3.09047  3.28973  3.5  
0  0.03125  0.0625  0.09375  0.125  0.15625  0.1875  0.21875  0.25  0.28125  0.3125  0.34375  0.375  0.40625  0.4375  0.46875  0.5  0.531425  0.563374  0.596198  0.630245  0.665865  0.703409  0.743226  0.785664  0.831075  0.879808  0.932212  0.988636  1.04943  1.11495  1.18553  1.26154  1.34331  1.43121  1.52557  1.62675  1.7351  1.85096  1.97469  2.10664  2.24716  2.39659  2.55529  2.7236  2.90188  3.09047  3.28973  3.5  
0  0.03125  0.0625  0.09375  0.125  0.15625  0.1875  0.21875  0.25  0.28125  0.3125  0.34375  0.375  0.40625  0.4375  0.46875  0.5  0.531425  0.563374  0.596198  0.630245  0.665865  0.703409  0.743226  0.785664  0.831075  0.879808  0.932212  0.988636  1.04943  1.11495  1.18553  1.26154  1.34331  1.43121  1.52557  1.62675  1.7351  1.85096  1.97469  2.10664  2.24716  2.39659  2.55529  2.7236  2.90188  3.09047  3.28973  3.5  
0  0.03125  0.0625  0.09375  0.125  0.15625  0.1875  0.21875  0.25  0.28125  0.3125  0.34375  0.375  0.40625  0.4375  0.46875  0.5  0.531425  0.563374  0.596198  0.630245  0.665865  0.703409  0.743226  0.785664  0.831075  0.879808  0.932212  0.988636  1.04943  1.11495  1.18553  1.26154  1.34331  1.43121  1.52557  1.62675  1.7351  1.85096  1.97469  2.10664  2.24716  2.39659  2.55529  2.7236  2.90188  3.09047  3.28973  3.5  
0  0.03125  0.0625  0.09375  0.125  0.15625  0.1875  0.21875  0.25  0.28125  0.3125  0.34375  0.375  0.40625  0.4375  0.46875  0.5  0.531425  0.563374  0.596198  0.630245  0.665865  0.703409  0.743226  0.785664  0.831075  0.879808  0.932212  0.988636  1.04943  1.11495  1.18553  1.26154  1.34331  1.43121  1.52557  1.62675  1.7351  1.85096  1.97469  2.10664  2.24716  2.39659  2.55529  2.7236  2.90188  3.09047  3.28973  3.5  
0  0.03125  0.0625  0.09375  0.125  0.15625  0.1875  0.21875  0.25  0.28125  0.3125  0.34375  0.375  0.40625  0.4375  0.46875  0.5  0.531425  0.563374  0.596198  0.630245  0.665865  0.703409  0.743226  0.785664  0.831075  0.879808  0.932212  0.988636  1.04943  1.11495  1.18553  1.26154  1.34331  1.43121  1.52557  1.62675  1.7351  1.85096  1.97469  2.10664  2.24716  2.39659  2.55529  2.7236  2.90188  3.09047  3.28973  3.5  
0  0.03125  0.0625  0.09375  0.125  0.15625  0.1875  0.21875  0.25  0.28125  0.3125  0.34375  0.375  0.40625  0.4375  0.46875  0.5  0.531425  0.563374  0.596198  0.630245  0.665865  0.703409  0.743226  0.785664  0.831075  0.879808  0.932212  0.988636  1.04943  1.11495  1.18553  1.26154  1.34331  1.43121  1.52557  1.62675  1.7351  1.85096  1.97469  2.10664  2.24716  2.39659  2.55529  2.7236  2.90188  3.09047  3.28973  3.5  
0  0.03125  0.0625  0.09375  0.125  0.15625  0.1875  0.21875  0.25  0.28125  0.3125  0.34375  0.375  0.40625  0.4375  0.46875  0.5  0.531425  0.563374  0.596198  0.630245  0.665865  0.703409  0.743226  0.785664  0.831075  0.879808  0.932212  0.988636  1.04943  1.11495  1.18553  1.26154  1.34331  1.43121  1.52557  1.62675  1.7351  1.85096  1.97469  2.10664  2.24716  2.39659  2.55529  2.7236  2.90188  3.09047  3.28973  3.5  
0  0.03125  0.0625  0.09375  0.125  0.15625  0.1875  0.21875  0.25  0.28125  0.3125  0.34375  0.375  0.40625  0.4375  0.46875  0.5  0.531425  0.563374  0.596198  0.630245  0.665865  0.703409  0.743226  0.785664  0.831075  0.879808  0.932212  0.988636  1.04943  1.11495  1.18553  1.26154  1.34331  1.43121  1.52557  1.62675  1.7351  1.85096  1.97469  2.10664  2.24716  2.39659  2.55529  2.7236  2.90188  3.09047  3.28973  3.5  
0  0.03125  0.0625  0.09375  0.125  0.15625  0.1875  0.21875  0.25  0.28125  0.3125  0.34375  0.375  0.40625  0.4375  0.46875  0.5  0.531425  0.563374  0.596198  0.630245  0.665865  0.703409  0.743226  0.785664  0.831075  0.879808  0.932212  0.988636  1.04943  1.11495  1.18553  1.26154  1.34331  1.43121  1.52557  1.62675  1.7351  1.85096  1.97469  2.10664  2.24716  2.39659  2.55529  2.7236  2.90188  3.09047  3.28973  3.5  
0  0.03125  0.0625  0.09375  0.125  0.15625  0.1875  0.21875  0.25  0.28125  0.3125  0.34375  0.375  0.40625  0.4375  0.46875  0.5  0.531425  0.563374  0.596198  0.630245  0.665865  0.703409  0.743226  0.785664  0.831075  0.879808  0.932212  0.988636  1.04943  1.11495  1.18553  1.26154  1.34331  1.43121  1.52557  1.62675  1.7351  1.85096  1.97469  2.10664  2.24716  2.39659  2.55529  2.7236  2.90188  3.09047  3.28973  3.5  
0  0.03125  0.0625  0.09375  0.125  0.15625  0.1875  0.21875  0.25  0.28125  0.3125  0.34375  0.375  0.40625  0.4375  0.46875  0.5  0.531425  0.563374  0.596198  0.630245  0.665865  0.703409  0.743226  0.785664  0.831075  0.879808  0.932212  0.988636  1.04943  1.11495  1.18553  1.26154  1.34331  1.43121  1.52557  1.62675  1.7351  1.85096  1.97469  2.10664  2.24716  2.39659  2.55529  2.7236  2.90188  3.09047  3.28973  3.5  
0  0.03125  0.0625  0.09375  0.125  0.15625  0.1875  0.21875  0.25  0.28125  0.3125  0.34375  0.375  0.40625  0.4375  0.46875  0.5  0.531425  0.563374  0.596198  0.630245  0.665865  0.703409  0.743226  0.785664  0.831075  0.879808  0.932212  0.988636  1.04943  1.11495  1.18553  1.26154  1.34331  1.43121  1.52557  1.62675  1.7351  1.85096  1.97469  2.10664  2.24716  2.39659  2.55529  2.7236  2.90188  3.09047  3.28973  3.5  
0  0.03125  0.0625  0.09375  0.125  0.15625  0.1875  0.21875  0.25  0.28125  0.3125  0.34375  0.375  0.40625  0.4375  0.46875  0.5  0.531425  0.563374  0.596198  0.630245  0.665865  0.703409  0.743226  0.785664  0.831075  0.879808  0.932212  0.988636  1.04943  1.11495  1.18553  1.26154  1.34331  1.43121  1.52557  1.62675  1.7351  1.85096  1.97469  2.10664  2.24716  2.39659  2.55529  2.7236  2.90188  3.09047  3.28973  3.5  
0  0.03125  0.0625  0.09375  0.125  0.15625  0.1875  0.21875  0.25  0.28125  0.3125  0.34375  0.375  0.40625  0.4375  0.46875  0.5  0.531425  0.563374  0.596198  0.630245  0.665865  0.703409  0.743226  0.785664  0.831075  0.879808  0.932212  0.988636  1.04943  1.11495  1.18553  1.26154  1.34331  1.43121  1.52557  1.62675  1.7351  1.85096  1.97469  2.10664  2.24716  2.39659  2.55529  2.7236  2.90188  3.09047  3.28973  3.5  
0  0.03125  0.0625  0.09375  0.125  0.15625  0.1875  0.21875  0.25  0.28125  0.3125  0.34375  0.375  0.40625  0.4375  0.46875  0.5  0.531425  0.563374  0.596198  0.630245  0.665865  0.703409  0.743226  0.785664  0.831075  0.879808  0.932212  0.988636  1.04943  1.11495  1.18553  1.26154  1.34331  1.43121  1.52557  1.62675  1.7351  1.85096  1.97469  2.10664  2.24716  2.39659  2.55529  2.7236  2.90188  3.09047  3.28973  3.5  
0  0.03125  0.0625  0.09375  0.125  0.15625  0.1875  0.21875  0.25  0.28125  0.3125  0.34375  0.375  0.40625  0.4375  0.46875  0.5  0.531425  0.563374  0.596198  0.630245  0.665865  0.703409  0.743226  0.785664  0.831075  0.879808  0.932212  0.988636  1.04943  1.11495  1.18553  1.26154  1.34331  1.43121  1.52557  1.62675  1.7351  1.85096  1.97469  2.10664  2.24716  2.39659  2.55529  2.7236  2.90188  3.09047  3.28973  3.5  
0  0.03125  0.0625  0.09375  0.125  0.15625  0.1875  0.21875  0.25  0.28125  0.3125  0.34375  0.375  0.40625  0.4375  0.46875  0.5  0.531425  0.563374  0.596198  0.630245  0.665865  0.703409  0.743226  0.785664  0.831075  0.879808  0.932212  0.988636  1.04943  1.11495  1.18553  1.26154  1.34331  1.43121  1.52557  1.62675  1.7351  1.85096  1.97469  2.10664  2.24716  2.39659  2.55529  2.7236  2.90188  3.09047  3.28973  3.5  
0  0.03125  0.0625  0.09375  0.125  0.15625  0.1875  0.21875  0.25  0.28125  0.3125  0.34375  0.375  0.40625  0.4375  0.46875  0.5  0.531425  0.563374  0.596198  0.630245  0.665865  0.703409  0.743226  0.785664  0.831075  0.879808  0.932212  0.988636  1.04943  1.11495  1.18553  1.26154  1.34331  1.43121  1.52557  1.62675  1.7351  1.85096  1.97469  2.10664  2.24716  2.39659  2.55529  2.7236  2.90188  3.09047  3.28973  3.5  
0  0.03125  0.0625  0.09375  0.125  0.15625  0.1875  0.21875  0.25  0.28125  0.3125  0.34375  0.375  0.40625  0.4375  0.46875  0.5  0.531425  0.563374  0.596198  0.630245  0.665865  0.703409  0.743226  0.785664  0.831075  0.879808  0.932212  0.988636  1.04943  1.11495  1.18553  1.26154  1.34331  1.43121  1.52557  1.62675  1.7351  1.85096  1.97469  2.10664  2.24716  2.39659  2.55529  2.7236  2.90188  3.09047  3.28973  3.5  
0  0.03125  0.0625  0.09375  0.125  0.15625  0.1875  0.21875  0.25  0.28125  0.3125  0.34375  0.375  0.40625  0.4375  0.46875  0.5  0.531425  0.563374  0.596198  0.630245  0.665865  0.703409  0.743226  0.785664  0.831075  0.879808  0.932212  0.988636  1.04943  1.11495  1.18553  1.26154  1.34331  1.43121  1.52557  1.62675  1.7351  1.85096  1.97469  2.10664  2.24716  2.39659  2.55529  2.7236  2.90188  3.09047  3.28973  3.5  
0  0.03125  0.0625  0.09375  0.125  0.15625  0.1875  0.21875  0.25  0.28125  0.3125  0.34375  0.375  0.40625  0.4375  0.46875  0.5  0.531425  0.563374  0.596198  0.630245  0.665865  0.703409  0.743226  0.785664  0.831075  0.879808  0.932212  0.988636  1.04943  1.11495  1.18553  1.26154  1.34331  1.43121  1.52557  1.62675  1.7351  1.85096  1.97469  2.10664  2.24716  2.39659  2.55529  2.7236  2.90188  3.09047  3.28973  3.5  
0  0.03125  0.0625  0.09375  0.125  0.15625  0.1875  0.21875  0.25  0.28125  0.3125  0.34375  0.375  0.40625  0.4375  0.46875  0.5  0.531425  0.563374  0.596198  0.630245  0.665865  0.703409  0.743226  0.785664  0.831075  0.879808  0.932212  0.988636  1.04943  1.11495  1.18553  1.26154  1.34331  1.43121  1.52557  1.62675  1.7351  1.85096  1.97469  2.10664  2.24716  2.39659  2.55529  2.7236  2.90188  3.09047  3.28973  3.5  
0  0.03125  0.0625  0.09375  0.125  0.15625  0.1875  0.21875  0.25  0.28125  0.3125  0.34375  0.375  0.40625  0.4375  0.46875  0.5  0.531425  0.563374  0.596198  0.630245  0.665865  0.703409  0.743226  0.785664  0.831075  0.879808  0.932212  0.988636  1.04943  1.11495  1.18553  1.26154  1.34331  1.43121  1.52557  1.62675  1.7351  1.85096  1.97469  2.10664  2.24716  2.39659  2.55529  2.7236  2.90188  3.09047  3.28973  3.5  
0  0.03125  0.0625  0.09375  0.125  0.15625  0.1875  0.21875  0.25  0.28125  0.3125  0.34375  0.375  0.40625  0.4375  0.46875  0.5  0.531425  0.563374  0.596198  0.630245  0.665865  0.703409  0.743226  0.785664  0.831075  0.879808  0.932212  0.988636  1.04943  1.11495  1.18553  1.26154  1.34331  1.43121  1.52557  1.62675  1.7351  1.85096  1.97469  2.10664  2.24716  2.39659  2.55529  2.7236  2.90188  3.09047  3.28973  3.5  
