0.715979  0.715652  0.71467  0.713031  0.710732  0.70777  0.704138  0.699832  0.694841  0.689159  0.682773  0.675671  0.66784  0.659263  0.649922  0.639797  0.628866  0.628866  0.628866  0.628866  0.628866  0.628866  0.628866  0.628866  0.628866  0.628866  0.628866  0.628866  0.628866  0.628866  0.628866  0.628866  0.628866  0.628866  0.628866  0.628866  0.628866  0.628866  0.628866  0.628866  0.628866  0.628866  0.628866  0.628866  0.628866  0.628866  0.628866  0.628866  0.628866  
0.751606  0.751285  0.750321  0.748713  0.746458  0.743551  0.739988  0.735763  0.730867  0.725291  0.719026  0.712058  0.704375  0.695959  0.686795  0.676861  0.666136  0.666136  0.666136  0.666136  0.666136  0.666136  0.666136  0.666136  0.666136  0.666136  0.666136  0.666136  0.666136  0.666136  0.666136  0.666136  0.666136  0.666136  0.666136  0.666136  0.666136  0.666136  0.666136  0.666136  0.666136  0.666136  0.666136  0.666136  0.666136  0.666136  0.666136  0.666136  0.666136  
0.78844  0.788125  0.787182  0.785607  0.783399  0.780552  0.777064  0.772926  0.768132  0.762672  0.756537  0.749715  0.742191  0.733951  0.724977  0.71525  0.704748  0.704748  0.704748  0.704748  0.704748  0.704748  0.704748  0.704748  0.704748  0.704748  0.704748  0.704748  0.704748  0.704748  0.704748  0.704748  0.704748  0.704748  0.704748  0.704748  0.704748  0.704748  0.704748  0.704748  0.704748  0.704748  0.704748  0.704748  0.704748  0.704748  0.704748  0.704748  0.704748  
0.826528  0.826221  0.825299  0.82376  0.821602  0.818821  0.815413  0.81137  0.806685  0.801351  0.795356  0.78869  0.781338  0.773287  0.764519  0.755015  0.744753  0.744753  0.744753  0.744753  0.744753  0.744753  0.744753  0.744753  0.744753  0.744753  0.744753  0.744753  0.744753  0.744753  0.744753  0.744753  0.744753  0.744753  0.744753  0.744753  0.744753  0.744753  0.744753  0.744753  0.744753  0.744753  0.744753  0.744753  0.744753  0.744753  0.744753  0.744753  0.744753  
0.865918  0.865619  0.86472  0.86322  0.861116  0.858406  0.855083  0.851142  0.846576  0.841376  0.835532  0.829034  0.821868  0.814019  0.805472  0.796208  0.786205  0.786205  0.786205  0.786205  0.786205  0.786205  0.786205  0.786205  0.786205  0.786205  0.786205  0.786205  0.786205  0.786205  0.786205  0.786205  0.786205  0.786205  0.786205  0.786205  0.786205  0.786205  0.786205  0.786205  0.786205  0.786205  0.786205  0.786205  0.786205  0.786205  0.786205  0.786205  0.786205  
0.906657  0.906366  0.905492  0.904034  0.901989  0.899353  0.896123  0.892291  0.887852  0.882796  0.877115  0.870797  0.863829  0.856199  0.847889  0.838881  0.829156  0.829156  0.829156  0.829156  0.829156  0.829156  0.829156  0.829156  0.829156  0.829156  0.829156  0.829156  0.829156  0.829156  0.829156  0.829156  0.829156  0.829156  0.829156  0.829156  0.829156  0.829156  0.829156  0.829156  0.829156  0.829156  0.829156  0.829156  0.829156  0.829156  0.829156  0.829156  0.829156  
0.948793  0.948511  0.947663  0.94625  0.944267  0.941712  0.93858  0.934866  0.930562  0.92566  0.920153  0.914027  0.907273  0.899875  0.891819  0.883087  0.873659  0.873659  0.873659  0.873659  0.873659  0.873659  0.873659  0.873659  0.873659  0.873659  0.873659  0.873659  0.873659  0.873659  0.873659  0.873659  0.873659  0.873659  0.873659  0.873659  0.873659  0.873659  0.873659  0.873659  0.873659  0.873659  0.873659  0.873659  0.873659  0.873659  0.873659  0.873659  0.873659  
0.992372  0.9921  0.991281  0.989915  0.987999  0.98553  0.982503  0.978914  0.974754  0.970018  0.964695  0.958776  0.952249  0.9451  0.937315  0.928877  0.919766  0.919766  0.919766  0.919766  0.919766  0.919766  0.919766  0.919766  0.919766  0.919766  0.919766  0.919766  0.919766  0.919766  0.919766  0.919766  0.919766  0.919766  0.919766  0.919766  0.919766  0.919766  0.919766  0.919766  0.919766  0.919766  0.919766  0.919766  0.919766  0.919766  0.919766  0.919766  0.919766  
1.03744  1.03718  1.03639  1.03508  1.03323  1.03085  1.02794  1.02448  1.02048  1.01592  1.01079  1.00509  0.998808  0.991924  0.984428  0.976302  0.967529  0.967529  0.967529  0.967529  0.967529  0.967529  0.967529  0.967529  0.967529  0.967529  0.967529  0.967529  0.967529  0.967529  0.967529  0.967529  0.967529  0.967529  0.967529  0.967529  0.967529  0.967529  0.967529  0.967529  0.967529  0.967529  0.967529  0.967529  0.967529  0.967529  0.967529  0.967529  0.967529  
1.08405  1.0838  1.08304  1.08178  1.08001  1.07773  1.07494  1.07162  1.06778  1.06341  1.05849  1.05303  1.047  1.0404  1.03321  1.02542  1.017  1.017  1.017  1.017  1.017  1.017  1.017  1.017  1.017  1.017  1.017  1.017  1.017  1.017  1.017  1.017  1.017  1.017  1.017  1.017  1.017  1.017  1.017  1.017  1.017  1.017  1.017  1.017  1.017  1.017  1.017  1.017  1.017  
1.13225  1.13201  1.13128  1.13008  1.12839  1.12621  1.12355  1.12038  1.11672  1.11254  1.10785  1.10263  1.09687  1.09057  1.08371  1.07627  1.06824  1.06824  1.06824  1.06824  1.06824  1.06824  1.06824  1.06824  1.06824  1.06824  1.06824  1.06824  1.06824  1.06824  1.06824  1.06824  1.06824  1.06824  1.06824  1.06824  1.06824  1.06824  1.06824  1.06824  1.06824  1.06824  1.06824  1.06824  1.06824  1.06824  1.06824  1.06824  1.06824  
1.18208  1.18185  1.18116  1.18002  1.17841  1.17635  1.17381  1.17081  1.16733  1.16336  1.1589  1.15395  1.14848  1.1425  1.13598  1.12892  1.12129  1.12129  1.12129  1.12129  1.12129  1.12129  1.12129  1.12129  1.12129  1.12129  1.12129  1.12129  1.12129  1.12129  1.12129  1.12129  1.12129  1.12129  1.12129  1.12129  1.12129  1.12129  1.12129  1.12129  1.12129  1.12129  1.12129  1.12129  1.12129  1.12129  1.12129  1.12129  1.12129  
1.23358  1.23337  1.23272  1.23164  1.23013  1.22818  1.22578  1.22295  1.21966  1.21592  1.21171  1.20703  1.20188  1.19623  1.19007  1.1834  1.1762  1.1762  1.1762  1.1762  1.1762  1.1762  1.1762  1.1762  1.1762  1.1762  1.1762  1.1762  1.1762  1.1762  1.1762  1.1762  1.1762  1.1762  1.1762  1.1762  1.1762  1.1762  1.1762  1.1762  1.1762  1.1762  1.1762  1.1762  1.1762  1.1762  1.1762  1.1762  1.1762  
1.28682  1.28662  1.28601  1.285  1.28358  1.28175  1.27951  1.27685  1.27377  1.27026  1.26632  1.26194  1.2571  1.25181  1.24604  1.23979  1.23304  1.23304  1.23304  1.23304  1.23304  1.23304  1.23304  1.23304  1.23304  1.23304  1.23304  1.23304  1.23304  1.23304  1.23304  1.23304  1.23304  1.23304  1.23304  1.23304  1.23304  1.23304  1.23304  1.23304  1.23304  1.23304  1.23304  1.23304  1.23304  1.23304  1.23304  1.23304  1.23304  
1.34183  1.34164  1.34108  1.34014  1.33882  1.33712  1.33504  1.33257  1.3297  1.32644  1.32278  1.31871  1.31421  1.30929  1.30393  1.29812  1.29185  1.29185  1.29185  1.29185  1.29185  1.29185  1.29185  1.29185  1.29185  1.29185  1.29185  1.29185  1.29185  1.29185  1.29185  1.29185  1.29185  1.29185  1.29185  1.29185  1.29185  1.29185  1.29185  1.29185  1.29185  1.29185  1.29185  1.29185  1.29185  1.29185  1.29185  1.29185  1.29185  
1.39867  1.39849  1.39798  1.39711  1.3959  1.39433  1.39242  1.39014  1.38751  1.38451  1.38114  1.37739  1.37326  1.36873  1.3638  1.35846  1.35269  1.35269  1.35269  1.35269  1.35269  1.35269  1.35269  1.35269  1.35269  1.35269  1.35269  1.35269  1.35269  1.35269  1.35269  1.35269  1.35269  1.35269  1.35269  1.35269  1.35269  1.35269  1.35269  1.35269  1.35269  1.35269  1.35269  1.35269  1.35269  1.35269  1.35269  1.35269  1.35269  
1.45737  1.45721  1.45674  1.45596  1.45485  1.45343  1.45169  1.44963  1.44723  1.44451  1.44145  1.43804  1.43429  1.43017  1.42569  1.42084  1.4156  1.4156  1.4156  1.4156  1.4156  1.4156  1.4156  1.4156  1.4156  1.4156  1.4156  1.4156  1.4156  1.4156  1.4156  1.4156  1.4156  1.4156  1.4156  1.4156  1.4156  1.4156  1.4156  1.4156  1.4156  1.4156  1.4156  1.4156  1.4156  1.4156  1.4156  1.4156  1.4156  
1.51799  1.51785  1.51743  1.51673  1.51574  1.51447  1.51291  1.51107  1.50893  1.50649  1.50375  1.50071  1.49735  1.49367  1.48967  1.48533  1.48064  1.48064  1.48064  1.48064  1.48064  1.48064  1.48064  1.48064  1.48064  1.48064  1.48064  1.48064  1.48064  1.48064  1.48064  1.48064  1.48064  1.48064  1.48064  1.48064  1.48064  1.48064  1.48064  1.48064  1.48064  1.48064  1.48064  1.48064  1.48064  1.48064  1.48064  1.48064  1.48064  
1.58058  1.58046  1.58009  1.57947  1.57861  1.5775  1.57613  1.57451  1.57264  1.57051  1.56811  1.56544  1.5625  1.55928  1.55577  1.55197  1.54786  1.54786  1.54786  1.54786  1.54786  1.54786  1.54786  1.54786  1.54786  1.54786  1.54786  1.54786  1.54786  1.54786  1.54786  1.54786  1.54786  1.54786  1.54786  1.54786  1.54786  1.54786  1.54786  1.54786  1.54786  1.54786  1.54786  1.54786  1.54786  1.54786  1.54786  1.54786  1.54786  
1.64518  1.64507  1.64476  1.64423  1.6435  1.64255  1.64139  1.64001  1.63842  1.6366  1.63456  1.63229  1.62979  1.62704  1.62406  1.62082  1.61733  1.61733  1.61733  1.61733  1.61733  1.61733  1.61733  1.61733  1.61733  1.61733  1.61733  1.61733  1.61733  1.61733  1.61733  1.61733  1.61733  1.61733  1.61733  1.61733  1.61733  1.61733  1.61733  1.61733  1.61733  1.61733  1.61733  1.61733  1.61733  1.61733  1.61733  1.61733  1.61733  
1.71183  1.71175  1.71149  1.71106  1.71046  1.70969  1.70874  1.70761  1.70631  1.70483  1.70316  1.7013  1.69926  1.69701  1.69457  1.69193  1.68907  1.68907  1.68907  1.68907  1.68907  1.68907  1.68907  1.68907  1.68907  1.68907  1.68907  1.68907  1.68907  1.68907  1.68907  1.68907  1.68907  1.68907  1.68907  1.68907  1.68907  1.68907  1.68907  1.68907  1.68907  1.68907  1.68907  1.68907  1.68907  1.68907  1.68907  1.68907  1.68907  
1.7806  1.78053  1.78033  1.78001  1.77955  1.77895  1.77823  1.77736  1.77637  1.77523  1.77395  1.77253  1.77096  1.76925  1.76738  1.76535  1.76316  1.76316  1.76316  1.76316  1.76316  1.76316  1.76316  1.76316  1.76316  1.76316  1.76316  1.76316  1.76316  1.76316  1.76316  1.76316  1.76316  1.76316  1.76316  1.76316  1.76316  1.76316  1.76316  1.76316  1.76316  1.76316  1.76316  1.76316  1.76316  1.76316  1.76316  1.76316  1.76316  
1.85151  1.85147  1.85134  1.85111  1.8508  1.8504  1.8499  1.84931  1.84863  1.84786  1.84699  1.84602  1.84496  1.84379  1.84251  1.84113  1.83965  1.83965  1.83965  1.83965  1.83965  1.83965  1.83965  1.83965  1.83965  1.83965  1.83965  1.83965  1.83965  1.83965  1.83965  1.83965  1.83965  1.83965  1.83965  1.83965  1.83965  1.83965  1.83965  1.83965  1.83965  1.83965  1.83965  1.83965  1.83965  1.83965  1.83965  1.83965  1.83965  
1.92463  1.92461  1.92454  1.92443  1.92427  1.92406  1.92381  1.92351  1.92316  1.92277  1.92232  1.92183  1.92128  1.92069  1.92004  1.91933  1.91857  1.91857  1.91857  1.91857  1.91857  1.91857  1.91857  1.91857  1.91857  1.91857  1.91857  1.91857  1.91857  1.91857  1.91857  1.91857  1.91857  1.91857  1.91857  1.91857  1.91857  1.91857  1.91857  1.91857  1.91857  1.91857  1.91857  1.91857  1.91857  1.91857  1.91857  1.91857  1.91857  
2  2  2  2  2  2  2  2  2  2  2  2  2  2  2  2  2  2  2  2  2  2  2  2  2  2  2  2  2  2  2  2  2  2  2  2  2  2  2  2  2  2  2  2  2  2  2  2  2  
