0 
1265.11 
2447.57 
3169.79 
3646.16 
3986.25 
4246.92 
4458.7 
4638.52 
4796.02 
4936.88 
5064.54 
5181.19 
5288.33 
5387.01 
5478.05 
5562.15 
5639.86 
5711.7 
5778.15 
5839.63 
5896.54 
5949.24 
5998.09 
6043.4 
6085.46 
6124.54 
6160.89 
6194.73 
6226.28 
6255.73 
6283.24 
6308.97 
6333.06 
6355.64 
6376.84 
6396.74 
6415.45 
6433.06 
6449.64 
6465.27 
6480.01 
6493.91 
6507.05 
6519.46 
6531.2 
6542.3 
6552.8 
6562.75 
6572.17 
6581.1 
6589.56 
6597.6 
6605.22 
6612.45 
6619.32 
6625.85 
6632.06 
6637.97 
6643.59 
6648.94 
6654.04 
6658.9 
6663.54 
6667.98 
6672.21 
6676.26 
6680.13 
6683.85 
6687.41 
6690.83 
6694.12 
6697.29 
6700.34 
6703.28 
6706.13 
6708.89 
6711.56 
6714.15 
6716.68 
6719.14 
6721.54 
6723.89 
6726.19 
6728.45 
6730.67 
6732.87 
6735.03 
6737.18 
6739.3 
6741.42 
6743.52 
6745.61 
6747.71 
6749.8 
6751.91 
6754.01 
6756.14 
6758.27 
6760.42 
6762.6 
6764.8 
6767.02 
6769.27 
6771.56 
6773.87 
6776.22 
6778.62 
6781.05 
6783.52 
6786.03 
6788.6 
6791.2 
6793.86 
6796.57 
6799.32 
6802.13 
6805 
6807.91 
6810.88 
6813.9 
6816.98 
6820.11 
6823.3 
6826.54 
6829.83 
6833.17 
6836.57 
6840.02 
6843.51 
6847.05 
6850.64 
6854.27 
6857.94 
6861.65 
6865.39 
6869.16 
6872.96 
6876.79 
6880.64 
6884.5 
6888.37 
6892.26 
6896.14 
6900.02 
6903.9 
6907.77 
6911.61 
6915.44 
6919.23 
6923 
6926.72 
6930.39 
6934.02 
6937.59 
6941.1 
6944.53 
6947.9 
6951.19 
6954.39 
6957.5 
6960.52 
6963.44 
6966.25 
6968.96 
6971.55 
6974.03 
6976.39 
6978.63 
6980.74 
6982.73 
6984.58 
6986.3 
6987.9 
6989.35 
6990.68 
6991.86 
6992.92 
6993.84 
6994.63 
6995.28 
6995.81 
6996.21 
6996.48 
6996.63 
6996.67 
6996.58 
6996.38 
6996.08 
6995.67 
6995.16 
6994.55 
6993.86 
6993.07 
6992.21 
6991.27 
6990.26 
6989.19 
6988.06 
6986.87 
6985.63 
6984.35 
6983.03 
6981.68 
6980.3 
6978.9 
6977.48 
6976.05 
6974.61 
6973.17 
6971.73 
6970.29 
6968.87 
6967.45 
6966.05 
6964.67 
6963.32 
6961.98 
6960.68 
6959.4 
6958.16 
6956.95 
6955.78 
6954.64 
6953.54 
6952.47 
6951.45 
6950.46 
6949.51 
6948.6 
6947.73 
6946.89 
6946.09 
6945.33 
6944.6 
6943.91 
6943.24 
6942.61 
6942.01 
6941.43 
6940.89 
6940.37 
6939.87 
6939.4 
6938.95 
6938.53 
6938.12 
6937.74 
6937.39 
6937.05 
6936.74 
6936.46 
6936.2 
6935.97 
6935.78 
6935.62 
6935.5 
6935.42 
6935.39 
6935.41 
6935.49 
6935.64 
6935.86 
6936.16 
6936.54 
6937.01 
6937.59 
6938.27 
6939.07 
6939.99 
6941.05 
6942.24 
6943.58 
6945.07 
6946.72 
6948.53 
6950.5 
6952.65 
6954.97 
6957.46 
6960.12 
6962.94 
6965.93 
6969.08 
6972.37 
6975.8 
6979.35 
6983.02 
6986.77 
6990.59 
6994.46 
6998.36 
7002.24 
7006.09 
7009.87 
7013.55 
7017.08 
7020.42 
7023.54 
7026.38 
7028.91 
7031.06 
7032.79 
7034.05 
7034.77 
7034.92 
7034.42 
7033.22 
7031.27 
7028.5 
7024.85 
7020.27 
7014.7 
7008.09 
7000.36 
6991.47 
6981.37 
6969.99 
6957.3 
6943.23 
6927.75 
6910.8 
6892.35 
6872.36 
6850.8 
6827.63 
6802.82 
6776.36 
6748.21 
6718.37 
6686.83 
6653.58 
6618.62 
6581.95 
6543.58 
6503.54 
6461.83 
6418.5 
6373.56 
6327.06 
6279.05 
6229.58 
6178.7 
6126.49 
6073.02 
6018.36 
5962.61 
5905.86 
5848.2 
5789.76 
5730.64 
5670.97 
5610.88 
5550.51 
5490 
5429.51 
5369.2 
5309.22 
5249.76 
5190.98 
5133.07 
5076.2 
5020.58 
4966.38 
4913.8 
4863.03 
4814.25 
4767.65 
4723.41 
4681.7 
4642.69 
4606.54 
4573.38 
4543.35 
4516.55 
4493.09 
4473.05 
4456.47 
4443.4 
4433.86 
4427.82 
4425.28 
4426.16 
4430.41 
4437.92 
4448.59 
4462.28 
4478.84 
4498.12 
4519.93 
4544.1 
4570.42 
4598.7 
4628.72 
4660.27 
4693.14 
4727.12 
4762 
4797.55 
4833.59 
4869.9 
4906.29 
4942.58 
4978.57 
5014.1 
5049 
5083.12 
5116.3 
5148.4 
5179.29 
5208.85 
5236.96 
5263.53 
5288.45 
5311.63 
5333 
5352.49 
5370.02 
5385.56 
5399.05 
5410.45 
5419.73 
5426.87 
5431.85 
5434.65 
5435.29 
5433.75 
5430.04 
5424.19 
5416.21 
5406.13 
5393.97 
5379.78 
5363.59 
5345.45 
5325.4 
5303.51 
5279.82 
5254.4 
5227.31 
5198.61 
5168.38 
5136.68 
5103.6 
5069.2 
5033.57 
4996.78 
4958.91 
4920.04 
4880.27 
4839.66 
4798.31 
4756.3 
4713.72 
4670.63 
4627.14 
4583.32 
4539.26 
4495.03 
4450.72 
4406.4 
4362.15 
4318.05 
4274.17 
4230.57 
4187.34 
4144.52 
4102.2 
4060.42 
4019.25 
3978.74 
3938.94 
3899.9 
3861.66 
3824.26 
3787.74 
3752.14 
3717.47 
3683.78 
3651.07 
3619.36 
3588.67 
3559.01 
3530.39 
3502.79 
3476.23 
3450.7 
3426.19 
3402.67 
3380.15 
3358.6 
3338 
3318.32 
3299.53 
3281.62 
3264.54 
3248.26 
3232.75 
3217.97 
3203.88 
3190.45 
3177.63 
3165.38 
3153.67 
3142.45 
3131.68 
3121.32 
3111.33 
3101.67 
3092.3 
3083.18 
3074.27 
3065.53 
3056.93 
3048.43 
3040 
3031.6 
3023.2 
3014.77 
3006.27 
2997.69 
2988.99 
2980.14 
2971.13 
2961.92 
2952.5 
2942.84 
2932.93 
2922.74 
2912.26 
2901.47 
2890.36 
2878.91 
2867.11 
2854.95 
2842.42 
2829.51 
2816.22 
2802.53 
2788.45 
2773.96 
2759.06 
2743.75 
2728.04 
2711.91 
2695.38 
2678.43 
2661.08 
2643.33 
2625.18 
2606.64 
2587.72 
2568.41 
2548.74 
2528.71 
2508.32 
2487.6 
2466.55 
2445.19 
2423.52 
2401.57 
2379.35 
2356.87 
2334.15 
2311.22 
2288.08 
2264.76 
2241.28 
2217.66 
2193.92 
2170.08 
2146.17 
2122.21 
2098.23 
2074.25 
2050.3 
2026.4 
2002.59 
1978.89 
1955.33 
1931.94 
1908.75 
1885.79 
1863.1 
1840.69 
1818.62 
1796.89 
1775.56 
1754.64 
1734.18 
1714.2 
1694.74 
1675.82 
1657.48 
1639.74 
1622.63 
1606.19 
1590.43 
1575.38 
1561.07 
1547.51 
1534.73 
1522.73 
1511.55 
1501.18 
1491.64 
1482.93 
1475.07 
1468.05 
1461.86 
1456.51 
1451.99 
1448.28 
1445.38 
1443.26 
1441.91 
1441.31 
1441.44 
1442.27 
1443.77 
1445.92 
1448.68 
1452.03 
1455.93 
1460.36 
1465.27 
1470.64 
1476.43 
1482.61 
1489.14 
1495.99 
1503.12 
1510.52 
1518.13 
1525.94 
1533.92 
1542.02 
1550.24 
1558.53 
1566.87 
1575.25 
1583.62 
1591.98 
1600.3 
1608.56 
1616.74 
1624.82 
1632.78 
1640.61 
1648.3 
1655.83 
1663.19 
1670.36 
1677.33 
1684.1 
1690.66 
1697 
1703.1 
1708.97 
1714.6 
1719.98 
1725.11 
1729.99 
1734.61 
1738.97 
1743.07 
1746.91 
1750.49 
1753.81 
1756.86 
1759.66 
1762.2 
1764.49 
1766.52 
1768.3 
1769.83 
1771.12 
1772.17 
1772.98 
1773.56 
1773.91 
1774.04 
1773.95 
1773.64 
1773.13 
1772.42 
1771.51 
1770.4 
1769.11 
1767.64 
1765.99 
1764.18 
1762.2 
1760.06 
1757.76 
1755.33 
1752.74 
1750.03 
1747.18 
1744.21 
1741.12 
1737.91 
1734.6 
1731.18 
1727.66 
1724.05 
1720.35 
1716.57 
1712.7 
1708.77 
1704.76 
1700.68 
1696.55 
1692.35 
1688.1 
1683.8 
1679.46 
1675.07 
1670.64 
1666.18 
1661.68 
1657.16 
1652.61 
1648.03 
1643.44 
1638.82 
1634.19 
1629.55 
1624.89 
1620.23 
1615.56 
1610.88 
1606.2 
1601.53 
1596.85 
1592.17 
1587.5 
1582.84 
1578.18 
1573.53 
1568.89 
1564.26 
1559.64 
1555.04 
1550.45 
1545.87 
1541.31 
1536.77 
1532.24 
1527.73 
1523.24 
1518.77 
1514.32 
1509.89 
1505.48 
1501.09 
1496.72 
1492.37 
1488.05 
1483.74 
1479.46 
1475.2 
1470.96 
1466.75 
1462.55 
1458.38 
1454.24 
1450.11 
1446.01 
1441.93 
1437.87 
1433.83 
1429.81 
1425.82 
1421.85 
1417.9 
1413.97 
1410.06 
1406.17 
1402.31 
1398.46 
1394.63 
1390.82 
1387.04 
1383.27 
1379.52 
1375.79 
1372.07 
1368.38 
1364.7 
1361.04 
1357.4 
1353.77 
1350.16 
1346.57 
1342.99 
1339.43 
1335.88 
1332.35 
1328.83 
1325.33 
1321.85 
1318.37 
1314.91 
1311.47 
1308.04 
1304.62 
1301.22 
1297.83 
1294.45 
1291.08 
1287.73 
1284.39 
1281.07 
1277.75 
1274.45 
1271.16 
1267.89 
1264.62 
1261.37 
1258.13 
1254.91 
1251.7 
1248.5 
1245.31 
1242.13 
1238.97 
1235.82 
1232.69 
1229.56 
1226.45 
1223.36 
1220.28 
1217.21 
1214.15 
1211.11 
1208.09 
1205.08 
1202.08 
1199.1 
1196.14 
1193.19 
1190.25 
1187.33 
1184.43 
1181.55 
1178.68 
1175.82 
1172.99 
1170.17 
1167.37 
1164.59 
1161.82 
1159.07 
1156.34 
1153.63 
1150.94 
1148.27 
1145.61 
1142.98 
1140.36 
1137.77 
1135.19 
1132.63 
1130.09 
1127.58 
1125.08 
1122.6 
1120.14 
1117.71 
1115.29 
1112.89 
1110.52 
1108.16 
1105.82 
1103.51 
1101.21 
1098.94 
1096.68 
1094.44 
1092.23 
1090.03 
1087.86 
1085.7 
1083.56 
1081.45 
1079.35 
1077.27 
1075.21 
1073.17 
1071.14 
1069.14 
1067.15 
1065.18 
1063.23 
1061.29 
1059.38 
1057.47 
1055.59 
1053.72 
1051.87 
1050.03 
1048.21 
1046.41 
1044.62 
1042.84 
1041.08 
1039.33 
1037.59 
1035.87 
1034.16 
1032.46 
1030.78 
1029.11 
1027.45 
1025.8 
1024.16 
1022.53 
1020.92 
1019.31 
1017.71 
1016.12 
1014.55 
1012.98 
1011.41 
1009.86 
1008.32 
1006.78 
1005.25 
1003.73 
1002.21 
1000.71 
999.204 
997.709 
996.219 
994.736 
993.258 
991.785 
990.318 
988.855 
987.397 
985.944 
984.495 
983.051 
981.611 
980.175 
978.742 
977.313 
975.888 
974.466 
973.047 
971.632 
970.22 
968.81 
967.404 
966 
964.599 
963.201 
961.805 
960.412 
959.022 
957.633 
956.248 
954.864 
953.483 
952.104 
950.728 
949.354 
947.982 
946.612 
945.245 
943.88 
942.517 
941.156 
939.798 
938.442 
937.089 
935.737 
934.388 
933.042 
931.698 
930.356 
929.017 
927.681 
926.347 
925.016 
923.687 
922.361 
921.038 
919.718 
918.4 
917.085 
915.774 
914.465 
913.16 
911.857 
910.558 
909.261 
907.968 
906.679 
905.392 
904.109 
902.829 
901.553 
900.28 
899.011 
897.745 
896.483 
895.224 
893.969 
892.718 
891.471 
890.227 
888.987 
887.751 
886.518 
885.29 
884.065 
882.844 
881.627 
880.414 
879.204 
877.999 
876.797 
875.6 
874.406 
873.216 
872.03 
870.848 
869.669 
868.495 
867.324 
866.157 
864.994 
863.834 
862.679 
861.526 
860.378 
859.233 
858.092 
856.954 
855.819 
854.688 
853.56 
852.436 
851.315 
850.197 
849.082 
847.97 
846.861 
845.756 
844.653 
843.552 
842.455 
841.36 
840.268 
839.178 
838.09 
837.005 
835.922 
834.841 
833.763 
832.686 
831.611 
830.537 
829.466 
828.396 
827.327 
826.26 
825.194 
824.129 
823.065 
822.002 
820.94 
819.879 
818.818 
817.758 
816.698 
815.638 
814.578 
813.519 
812.459 
811.399 
810.339 
809.278 
808.217 
807.155 
806.092 
805.028 
803.963 
802.897 
801.829 
800.76 
799.69 
798.618 
797.543 
796.467 
795.389 
794.309 
793.226 
792.141 
791.053 
789.962 
788.869 
787.772 
786.672 
785.569 
784.463 
783.353 
782.24 
781.122 
780.001 
778.876 
777.747 
776.613 
775.475 
774.332 
773.185 
772.033 
770.876 
769.713 
768.546 
767.373 
766.195 
765.012 
763.823 
762.628 
761.427 
760.22 
759.007 
757.787 
756.562 
755.329 
754.091 
752.845 
751.593 
750.333 
749.067 
747.793 
746.513 
745.224 
743.929 
742.625 
741.314 
739.996 
738.669 
737.334 
735.991 
734.64 
733.281 
731.914 
730.538 
729.153 
727.76 
726.358 
724.947 
723.527 
722.099 
720.661 
719.214 
717.758 
716.293 
714.818 
713.334 
711.841 
710.338 
708.825 
707.303 
705.771 
704.23 
702.678 
701.117 
699.546 
697.965 
696.374 
694.773 
693.162 
691.541 
689.91 
688.269 
686.617 
684.956 
683.284 
681.603 
679.911 
678.209 
676.497 
674.775 
673.042 
671.3 
669.548 
667.785 
666.012 
664.23 
662.437 
660.635 
658.823 
657.001 
655.169 
653.328 
651.477 
649.616 
647.746 
645.867 
643.978 
642.08 
640.173 
638.258 
636.333 
634.399 
632.457 
630.507 
628.548 
626.581 
624.605 
622.622 
620.631 
618.633 
616.627 
614.614 
612.594 
610.567 
608.533 
606.494 
604.447 
602.395 
600.337 
598.274 
596.205 
594.132 
592.054 
589.971 
587.884 
585.793 
583.699 
581.602 
579.502 
577.399 
575.294 
573.187 
571.078 
568.969 
566.858 
564.747 
562.637 
560.526 
558.417 
556.309 
554.202 
552.098 
549.997 
547.898 
545.803 
543.712 
541.626 
539.545 
537.47 
535.4 
533.338 
531.282 
529.235 
527.195 
525.165 
523.145 
521.134 
519.134 
517.146 
515.17 
513.207 
511.257 
509.321 
507.4 
505.494 
503.605 
501.732 
499.877 
498.04 
496.222 
494.424 
492.646 
490.89 
489.156 
487.445 
485.757 
484.094 
482.456 
480.844 
479.258 
477.701 
476.171 
474.671 
473.201 
471.762 
470.354 
468.979 
467.638 
466.33 
465.057 
463.82 
462.62 
461.457 
460.332 
459.246 
458.2 
457.194 
456.229 
455.306 
454.426 
453.589 
452.797 
452.049 
451.346 
450.69 
450.081 
449.519 
449.005 
448.54 
448.124 
447.757 
447.441 
447.175 
446.961 
446.799 
446.688 
446.63 
446.625 
446.672 
446.774 
446.929 
447.138 
447.401 
447.719 
448.091 
448.518 
449 
449.536 
450.128 
450.774 
451.475 
452.231 
453.042 
453.907 
454.826 
455.8 
456.828 
457.91 
459.045 
460.233 
461.475 
462.769 
464.115 
465.513 
466.962 
468.462 
470.013 
471.614 
473.264 
474.963 
476.71 
478.505 
480.348 
482.237 
484.172 
486.153 
488.179 
490.248 
492.361 
494.517 
496.715 
498.954 
501.234 
503.554 
505.913 
508.31 
510.746 
513.219 
515.727 
518.272 
520.851 
523.465 
526.112 
528.791 
531.503 
534.245 
537.018 
539.821 
542.652 
545.512 
548.399 
551.313 
554.253 
557.218 
560.208 
563.221 
566.258 
569.317 
572.398 
575.5 
578.622 
581.764 
584.925 
588.105 
591.302 
594.516 
597.747 
600.994 
604.255 
607.532 
610.822 
614.125 
617.442 
620.77 
624.111 
627.462 
630.823 
634.195 
637.576 
640.966 
644.364 
647.77 
651.183 
654.603 
658.029 
661.461 
664.899 
668.341 
671.787 
675.238 
678.692 
682.149 
685.609 
689.071 
692.534 
695.999 
699.465 
702.932 
706.399 
709.865 
713.331 
716.797 
720.26 
723.723 
727.183 
730.641 
734.097 
737.549 
740.999 
744.445 
747.887 
751.324 
754.758 
758.187 
761.611 
765.029 
768.443 
771.85 
775.252 
778.647 
782.036 
785.419 
788.794 
792.163 
795.524 
798.878 
802.224 
805.562 
808.893 
812.215 
815.528 
818.833 
822.13 
825.418 
828.696 
831.966 
835.226 
838.477 
841.718 
844.949 
848.171 
851.383 
854.585 
857.777 
860.958 
864.13 
867.291 
870.441 
873.581 
876.71 
879.829 
882.937 
886.034 
889.12 
892.195 
895.259 
898.312 
901.355 
904.386 
907.405 
910.414 
913.411 
916.397 
919.372 
922.336 
925.288 
928.229 
931.159 
934.077 
936.984 
939.88 
942.765 
945.638 
948.499 
951.35 
954.189 
957.017 
959.834 
962.639 
965.434 
968.217 
970.989 
973.75 
976.5 
979.238 
981.966 
984.683 
987.389 
990.084 
992.768 
995.442 
998.105 
1000.76 
1003.4 
1006.03 
1008.65 
1011.26 
1013.86 
1016.45 
1019.03 
1021.6 
1024.15 
1026.7 
1029.24 
1031.77 
1034.29 
1036.8 
1039.29 
1041.78 
1044.26 
1046.73 
1049.19 
1051.64 
1054.09 
1056.52 
1058.94 
1061.35 
1063.76 
1066.16 
1068.54 
1070.92 
1073.29 
1075.65 
1078 
1080.34 
1082.68 
1085 
1087.32 
1089.63 
1091.93 
1094.22 
1096.51 
1098.79 
1101.05 
1103.31 
1105.57 
1107.81 
1110.05 
1112.28 
1114.5 
1116.71 
1118.92 
1121.12 
1123.31 
1125.5 
1127.67 
1129.84 
1132 
1134.16 
1136.31 
1138.45 
1140.58 
1142.71 
1144.83 
1146.94 
1149.05 
1151.15 
1153.24 
1155.33 
1157.4 
1159.48 
1161.54 
1163.6 
1165.65 
1167.7 
1169.73 
1171.77 
1173.79 
1175.81 
1177.82 
1179.83 
1181.83 
1183.82 
1185.8 
1187.78 
1189.76 
1191.72 
1193.68 
1195.63 
1197.58 
1199.52 
1201.45 
1203.38 
1205.3 
1207.21 
1209.11 
1211.01 
1212.91 
1214.79 
1216.67 
1218.54 
1220.41 
1222.26 
1224.11 
1225.96 
1227.79 
1229.62 
1231.45 
1233.26 
1235.07 
1236.87 
1238.66 
1240.45 
1242.23 
1244 
1245.76 
1247.51 
1249.26 
1251 
1252.73 
1254.45 
1256.17 
1257.88 
1259.57 
1261.27 
1262.95 
1264.62 
1266.29 
1267.94 
1269.59 
1271.23 
1272.86 
1274.48 
1276.09 
1277.69 
1279.29 
1280.87 
1282.44 
1284.01 
1285.56 
1287.11 
1288.65 
1290.17 
1291.69 
1293.19 
1294.69 
1296.17 
1297.64 
1299.11 
1300.56 
1302 
1303.43 
1304.85 
1306.26 
1307.66 
1309.04 
1310.42 
1311.78 
1313.13 
1314.47 
1315.8 
1317.12 
1318.42 
1319.71 
1320.99 
1322.26 
1323.51 
1324.75 
1325.98 
1327.2 
1328.4 
1329.59 
1330.77 
1331.94 
1333.09 
1334.22 
1335.35 
1336.46 
1337.56 
1338.64 
1339.71 
1340.77 
1341.81 
1342.84 
1343.85 
1344.85 
1345.84 
1346.81 
1347.77 
1348.71 
1349.64 
1350.56 
1351.46 
1352.35 
1353.22 
1354.07 
1354.92 
1355.74 
1356.56 
1357.36 
1358.14 
1358.91 
1359.66 
1360.4 
1361.13 
1361.84 
1362.53 
1363.22 
1363.88 
1364.53 
1365.17 
1365.79 
1366.4 
1367 
1367.58 
1368.14 
1368.69 
1369.23 
1369.75 
1370.26 
1370.75 
1371.23 
1371.7 
1372.15 
1372.59 
1373.01 
1373.42 
1373.82 
1374.21 
1374.58 
1374.94 
1375.28 
1375.62 
1375.94 
1376.24 
1376.54 
1376.82 
1377.1 
1377.36 
1377.6 
1377.84 
1378.07 
1378.28 
1378.49 
1378.68 
1378.86 
1379.04 
1379.2 
1379.36 
1379.5 
1379.64 
1379.76 
1379.88 
1379.99 
1380.1 
1380.19 
1380.28 
1380.36 
1380.43 
1380.5 
1380.56 
1380.62 
1380.67 
1380.71 
1380.75 
1380.79 
1380.82 
1380.85 
1380.87 
1380.89 
1380.91 
1380.93 
1380.95 
1380.96 
1380.98 
1380.99 
1381 
1381.02 
1381.03 
1381.05 
1381.06 
1381.08 
1381.11 
1381.13 
1381.16 
1381.2 
1381.23 
1381.28 
1381.33 
1381.38 
1381.44 
1381.51 
1381.59 
1381.67 
1381.76 
1381.86 
1381.98 
1382.1 
1382.23 
1382.37 
1382.53 
1382.69 
1382.87 
1383.07 
1383.27 
1383.5 
1383.73 
1383.99 
1384.25 
1384.54 
1384.84 
1385.16 
1385.5 
1385.86 
1386.24 
1386.63 
1387.05 
1387.49 
1387.95 
1388.44 
1388.94 
1389.47 
1390.03 
1390.6 
1391.21 
1391.84 
1392.49 
1393.18 
1393.89 
1394.62 
1395.39 
1396.18 
1397.01 
1397.86 
1398.75 
1399.67 
1400.61 
1401.59 
1402.61 
1403.65 
1404.73 
1405.85 
1407 
1408.18 
1409.4 
1410.66 
1411.95 
1413.28 
1414.65 
1416.05 
1417.5 
1418.98 
1420.5 
1422.06 
1423.66 
1425.31 
1426.99 
1428.71 
1430.48 
1432.29 
1434.14 
1436.03 
1437.97 
1439.95 
1441.97 
1444.04 
1446.15 
1448.31 
1450.51 
1452.76 
1455.05 
1457.39 
1459.77 
1462.2 
1464.68 
1467.2 
1469.77 
1472.39 
1475.06 
1477.77 
1480.53 
1483.33 
1486.19 
1489.09 
1492.04 
1495.04 
1498.09 
1501.19 
1504.33 
1507.53 
1510.77 
1514.06 
1517.4 
1520.79 
1524.22 
1527.71 
1531.24 
1534.83 
1538.46 
1542.14 
1545.87 
1549.65 
1553.47 
1557.35 
1561.27 
1565.24 
1569.26 
1573.33 
1577.45 
1581.61 
1585.82 
1590.08 
1594.39 
1598.74 
1603.14 
1607.59 
1612.08 
1616.62 
1621.21 
1625.84 
1630.52 
1635.25 
1640.02 
1644.84 
1649.7 
1654.6 
1659.55 
1664.55 
1669.59 
1674.67 
1679.8 
1684.97 
1690.18 
1695.44 
1700.74 
1706.08 
1711.46 
1716.88 
1722.35 
1727.85 
1733.4 
1738.99 
1744.62 
1750.28 
1755.99 
1761.74 
1767.52 
1773.35 
1779.21 
1785.11 
1791.04 
1797.02 
1803.03 
1809.07 
1815.16 
1821.28 
1827.43 
1833.62 
1839.85 
1846.1 
1852.4 
1858.72 
1865.09 
1871.48 
1877.9 
1884.36 
1890.85 
1897.37 
1903.93 
1910.51 
1917.13 
1923.77 
1930.45 
1937.15 
1943.88 
1950.65 
1957.44 
1964.26 
1971.1 
1977.98 
1984.88 
1991.81 
1998.76 
2005.75 
2012.75 
2019.79 
2026.84 
2033.92 
2041.03 
2048.16 
2055.32 
2062.49 
2069.7 
2076.92 
2084.17 
2091.44 
2098.73 
2106.04 
2113.37 
2120.72 
2128.1 
2135.49 
2142.91 
2150.34 
2157.8 
2165.27 
2172.76 
2180.27 
2187.8 
2195.35 
2202.91 
2210.49 
2218.09 
2225.7 
2233.33 
2240.98 
2248.64 
2256.32 
2264.02 
2271.72 
2279.45 
2287.18 
2294.93 
2302.7 
2310.48 
2318.27 
2326.08 
2333.89 
2341.72 
2349.57 
2357.42 
2365.29 
2373.17 
2381.05 
2388.95 
2396.87 
2404.79 
2412.72 
2420.66 
2428.61 
2436.57 
2444.54 
2452.52 
2460.51 
2468.5 
2476.51 
2484.52 
2492.54 
2500.57 
2508.61 
2516.65 
2524.7 
2532.76 
2540.83 
2548.9 
2556.97 
2565.06 
2573.14 
2581.24 
2589.34 
2597.44 
2605.55 
2613.67 
2621.78 
2629.91 
2638.03 
2646.17 
2654.3 
2662.44 
2670.58 
2678.73 
2686.87 
2695.02 
2703.18 
2711.33 
2719.49 
2727.65 
2735.81 
2743.97 
2752.14 
2760.3 
2768.47 
2776.63 
2784.8 
2792.97 
2801.14 
2809.3 
2817.47 
2825.64 
2833.8 
2841.97 
2850.13 
2858.3 
2866.46 
2874.62 
2882.78 
2890.94 
2899.09 
2907.24 
2915.4 
2923.54 
2931.69 
2939.83 
2947.97 
2956.1 
2964.24 
2972.36 
2980.49 
2988.61 
2996.72 
3004.83 
3012.94 
3021.04 
3029.14 
3037.23 
3045.32 
3053.4 
3061.47 
3069.54 
3077.61 
3085.66 
3093.71 
3101.76 
3109.79 
3117.82 
3125.84 
3133.86 
3141.87 
3149.86 
3157.86 
3165.84 
3173.81 
3181.78 
3189.74 
3197.69 
3205.63 
3213.56 
3221.48 
3229.39 
3237.29 
3245.18 
3253.06 
3260.93 
3268.79 
3276.64 
3284.48 
3292.31 
3300.12 
3307.93 
3315.72 
3323.5 
3331.26 
3339.02 
3346.76 
3354.49 
3362.21 
3369.91 
3377.6 
3385.28 
3392.94 
3400.59 
3408.22 
3415.84 
3423.45 
3431.04 
3438.61 
3446.17 
3453.72 
3461.25 
3468.76 
3476.26 
3483.74 
3491.2 
3498.65 
3506.08 
3513.5 
3520.89 
3528.27 
3535.63 
3542.97 
3550.3 
3557.6 
3564.89 
3572.16 
3579.41 
3586.64 
3593.85 
3601.04 
3608.21 
3615.37 
3622.5 
3629.61 
3636.7 
3643.77 
3650.81 
3657.84 
3664.84 
3671.83 
3678.79 
3685.73 
3692.64 
3699.54 
3706.41 
3713.25 
3720.08 
3726.88 
3733.65 
3740.41 
3747.13 
3753.84 
3760.52 
3767.17 
3773.8 
3780.4 
3786.98 
3793.54 
3800.06 
3806.56 
3813.04 
3819.48 
3825.9 
3832.3 
3838.66 
3845 
3851.31 
3857.6 
3863.85 
3870.08 
3876.28 
3882.45 
3888.59 
3894.7 
3900.78 
3906.83 
3912.85 
3918.84 
3924.81 
3930.74 
3936.64 
3942.51 
3948.34 
3954.15 
3959.93 
3965.67 
3971.38 
3977.06 
3982.71 
3988.32 
3993.91 
3999.45 
4004.97 
4010.45 
4015.9 
4021.31 
4026.69 
4032.04 
4037.35 
4042.63 
4047.87 
4053.08 
4058.25 
4063.38 
4068.48 
4073.55 
4078.58 
4083.57 
4088.53 
4093.44 
4098.33 
4103.17 
4107.98 
4112.75 
4117.48 
4122.18 
4126.84 
4131.45 
4136.04 
4140.58 
4145.08 
4149.54 
4153.97 
4158.36 
4162.7 
4167.01 
4171.28 
4175.51 
4179.69 
4183.84 
4187.95 
4192.01 
4196.04 
4200.02 
4203.97 
4207.87 
4211.73 
4215.55 
4219.33 
4223.06 
4226.76 
4230.41 
4234.02 
4237.58 
4241.11 
4244.59 
4248.03 
4251.42 
4254.77 
4258.08 
4261.35 
4264.57 
4267.75 
4270.88 
4273.97 
4277.02 
4280.02 
4282.97 
4285.89 
4288.75 
4291.57 
4294.35 
4297.08 
4299.77 
4302.41 
4305.01 
4307.56 
4310.06 
4312.52 
4314.93 
4317.3 
4319.62 
4321.89 
4324.12 
4326.3 
4328.43 
4330.51 
4332.55 
4334.55 
4336.49 
4338.39 
4340.24 
4342.04 
4343.8 
4345.51 
4347.17 
4348.78 
4350.34 
4351.86 
4353.33 
4354.75 
4356.12 
4357.44 
4358.72 
4359.94 
4361.12 
4362.25 
4363.33 
4364.36 
4365.34 
4366.28 
4367.16 
4367.99 
4368.78 
4369.51 
4370.2 
4370.84 
4371.43 
4371.96 
4372.45 
4372.89 
4373.28 
4373.62 
4373.91 
4374.15 
4374.33 
4374.47 
4374.56 
4374.6 
4374.59 
4374.53 
4374.41 
4374.25 
4374.04 
4373.77 
4373.46 
4373.09 
4372.68 
4372.21 
4371.69 
4371.13 
4370.51 
4369.84 
4369.12 
4368.34 
4367.52 
4366.65 
4365.72 
4364.75 
4363.72 
4362.64 
4361.52 
4360.34 
4359.1 
4357.82 
4356.49 
4355.1 
4353.67 
4352.18 
4350.64 
4349.05 
4347.41 
4345.72 
4343.97 
4342.18 
4340.33 
4338.43 
4336.48 
4334.48 
4332.43 
4330.32 
4328.17 
4325.96 
4323.7 
4321.39 
4319.03 
4316.62 
4314.15 
4311.64 
4309.07 
4306.45 
4303.78 
4301.06 
4298.28 
4295.46 
4292.58 
4289.66 
4286.68 
4283.65 
4280.56 
4277.43 
4274.25 
4271.01 
4267.72 
4264.38 
4260.99 
4257.55 
4254.06 
4250.51 
4246.92 
4243.27 
4239.57 
4235.83 
4232.03 
4228.17 
4224.27 
4220.32 
4216.31 
4212.26 
4208.15 
4203.99 
4199.78 
4195.52 
4191.21 
4186.85 
4182.44 
4177.98 
4173.46 
4168.9 
4164.28 
4159.62 
4154.9 
4150.13 
4145.31 
4140.44 
4135.53 
4130.56 
4125.54 
4120.47 
4115.34 
4110.17 
4104.95 
4099.68 
4094.36 
4088.99 
4083.57 
4078.1 
4072.57 
4067 
4061.38 
4055.71 
4049.99 
4044.22 
4038.4 
4032.53 
4026.61 
4020.64 
4014.63 
4008.56 
4002.44 
3996.28 
3990.06 
3983.8 
3977.49 
3971.12 
3964.71 
3958.26 
3951.75 
3945.19 
3938.59 
3931.93 
3925.23 
3918.48 
3911.68 
3904.83 
3897.94 
3891 
3884.01 
3876.97 
3869.88 
3862.75 
3855.56 
3848.33 
3841.06 
3833.73 
3826.36 
3818.94 
3811.48 
3803.96 
3796.4 
3788.8 
3781.14 
3773.44 
3765.7 
3757.91 
3750.07 
3742.18 
3734.25 
3726.27 
3718.25 
3710.18 
3702.07 
3693.91 
3685.7 
3677.45 
3669.16 
3660.81 
3652.43 
3644 
3635.52 
3627 
3618.44 
3609.83 
3601.18 
3592.48 
3583.74 
3574.96 
3566.13 
3557.26 
3548.34 
3539.38 
3530.38 
3521.34 
3512.25 
3503.12 
3493.95 
3484.74 
3475.48 
3466.18 
3456.84 
3447.46 
3438.03 
3428.57 
3419.06 
3409.52 
3399.93 
3390.3 
3380.63 
3370.92 
3361.17 
3351.38 
3341.55 
3331.68 
3321.77 
3311.82 
3301.83 
3291.81 
3281.74 
3271.64 
3261.49 
3251.31 
3241.09 
3230.84 
3220.54 
3210.21 
3199.84 
3189.44 
3178.99 
3168.52 
3158 
3147.45 
3136.86 
3126.24 
3115.58 
3104.89 
3094.16 
3083.39 
3072.6 
3061.76 
3050.9 
3040 
3029.06 
3018.1 
3007.1 
2996.06 
2985 
2973.9 
2962.77 
2951.61 
2940.41 
2929.19 
2917.93 
2906.65 
2895.33 
2883.98 
2872.6 
2861.2 
2849.76 
2838.29 
2826.8 
2815.27 
2803.72 
2792.14 
2780.53 
2768.9 
2757.24 
2745.55 
2733.83 
2722.09 
2710.32 
2698.53 
2686.71 
2674.87 
2663 
2651.11 
2639.19 
2627.25 
2615.29 
2603.3 
2591.29 
2579.26 
2567.21 
2555.13 
2543.04 
2530.92 
2518.78 
2506.62 
2494.44 
2482.25 
2470.03 
2457.79 
2445.54 
2433.27 
2420.98 
2408.67 
2396.35 
2384.01 
2371.65 
2359.28 
2346.89 
2334.49 
2322.07 
2309.64 
2297.19 
2284.73 
2272.26 
2259.78 
2247.28 
2234.78 
2222.26 
2209.73 
2197.19 
2184.64 
2172.08 
2159.52 
2146.94 
2134.36 
2121.76 
2109.17 
2096.56 
2083.95 
2071.33 
2058.71 
2046.09 
2033.45 
2020.82 
2008.18 
1995.54 
1982.9 
1970.26 
1957.61 
1944.97 
1932.32 
1919.68 
1907.04 
1894.4 
1881.76 
1869.12 
1856.49 
1843.86 
1831.24 
1818.62 
1806 
1793.4 
1780.8 
1768.21 
1755.62 
1743.05 
1730.48 
1717.93 
1705.39 
1692.85 
1680.34 
1667.83 
1655.34 
1642.86 
1630.4 
1617.95 
1605.52 
1593.11 
1580.71 
1568.33 
1555.98 
1543.64 
1531.33 
1519.04 
1506.77 
1494.52 
1482.31 
1470.11 
1457.94 
1445.8 
1433.69 
1421.61 
1409.56 
1397.54 
1385.55 
1373.6 
1361.68 
1349.79 
1337.94 
1326.13 
1314.36 
1302.63 
1290.94 
1279.29 
1267.69 
1256.13 
1244.62 
1233.15 
1221.73 
1210.37 
1199.05 
1187.79 
1176.58 
1165.42 
1154.33 
1143.29 
1132.31 
1121.4 
1110.55 
1099.76 
1089.04 
1078.39 
1067.81 
1057.31 
1046.87 
1036.52 
1026.24 
1016.04 
1005.92 
995.89 
985.944 
976.086 
966.32 
956.647 
947.069 
937.589 
928.209 
918.932 
909.76 
900.696 
891.742 
882.902 
874.177 
865.571 
857.086 
848.725 
840.492 
832.388 
824.418 
816.583 
808.887 
801.334 
793.925 
786.664 
779.555 
772.6 
765.802 
759.165 
752.692 
746.385 
740.248 
734.284 
728.495 
722.885 
717.457 
712.213 
707.155 
702.288 
697.613 
693.132 
688.848 
684.763 
680.88 
677.199 
673.723 
670.454 
667.392 
664.54 
661.897 
659.465 
657.245 
655.236 
653.44 
651.855 
650.483 
649.322 
648.371 
647.63 
647.098 
646.773 
646.654 
646.738 
647.025 
647.512 
648.195 
649.074 
650.145 
651.405 
652.852 
654.481 
656.29 
658.276 
660.435 
662.762 
665.256 
667.91 
670.723 
673.69 
676.806 
680.069 
683.473 
687.016 
690.692 
694.498 
698.43 
702.484 
706.656 
710.942 
715.338 
719.84 
724.445 
729.148 
733.946 
738.835 
743.812 
748.873 
754.015 
759.234 
764.527 
769.891 
775.322 
780.818 
786.376 
791.991 
797.663 
803.387 
809.161 
814.983 
820.849 
826.757 
832.706 
838.691 
844.712 
850.766 
856.85 
862.962 
869.101 
875.265 
881.451 
887.657 
893.882 
900.124 
906.382 
912.652 
918.935 
925.228 
931.53 
937.84 
944.155 
950.475 
956.798 
963.122 
969.448 
975.773 
982.096 
988.416 
994.733 
1001.04 
1007.35 
1013.65 
1019.94 
1026.22 
1032.49 
1038.75 
1045 
1051.23 
1057.46 
1063.66 
1069.86 
1076.04 
1082.2 
1088.34 
1094.47 
1100.58 
1106.67 
1112.74 
1118.8 
1124.83 
1130.84 
1136.83 
1142.79 
1148.74 
1154.66 
1160.56 
1166.43 
1172.28 
1178.11 
1183.91 
1189.68 
1195.43 
1201.15 
1206.85 
1212.52 
1218.17 
1223.78 
1229.37 
1234.93 
1240.47 
1245.97 
1251.45 
1256.9 
1262.32 
1267.71 
1273.07 
1278.4 
1283.7 
1288.97 
1294.21 
1299.42 
1304.61 
1309.76 
1314.88 
1319.97 
1325.03 
1330.06 
1335.05 
1340.02 
1344.96 
1349.86 
1354.73 
1359.58 
1364.39 
1369.17 
1373.92 
1378.63 
1383.32 
1387.97 
1392.59 
1397.19 
1401.74 
1406.27 
1410.77 
1415.23 
1419.67 
1424.07 
1428.44 
1432.78 
1437.09 
1441.37 
1445.61 
1449.83 
1454.01 
1458.16 
1462.28 
1466.37 
1470.43 
1474.46 
1478.45 
1482.42 
1486.36 
1490.26 
1494.14 
1497.98 
1501.79 
1505.58 
1509.33 
1513.05 
1516.75 
1520.41 
1524.04 
1527.65 
1531.22 
1534.77 
1538.28 
1541.77 
1545.22 
1548.65 
1552.05 
1555.42 
1558.76 
1562.08 
1565.36 
1568.62 
1571.85 
1575.05 
1578.22 
1581.36 
1584.48 
1587.57 
1590.63 
1593.67 
1596.68 
1599.66 
1602.61 
1605.54 
1608.44 
1611.32 
1614.17 
1616.99 
1619.79 
1622.56 
1625.31 
1628.03 
1630.73 
1633.4 
1636.04 
1638.67 
1641.26 
1643.84 
1646.38 
1648.91 
1651.41 
1653.88 
1656.34 
1658.77 
1661.17 
1663.56 
1665.92 
1668.25 
1670.57 
1672.86 
1675.13 
1677.38 
1679.6 
1681.81 
1683.99 
1686.15 
1688.29 
1690.41 
1692.51 
1694.58 
1696.64 
1698.67 
1700.69 
1702.68 
1704.66 
1706.61 
1708.55 
1710.47 
1712.36 
1714.24 
1716.1 
1717.94 
1719.76 
1721.56 
1723.35 
1725.11 
1726.86 
1728.59 
1730.3 
1732 
1733.67 
1735.33 
1736.98 
1738.6 
1740.21 
1741.8 
1743.38 
1744.94 
1746.48 
1748.01 
1749.52 
1751.02 
1752.5 
1753.96 
1755.41 
1756.85 
1758.27 
1759.67 
1761.06 
1762.44 
1763.8 
1765.15 
1766.48 
1767.8 
1769.1 
1770.39 
1771.67 
1772.94 
1774.19 
1775.42 
1776.65 
1777.86 
1779.06 
1780.25 
1781.42 
1782.58 
1783.73 
1784.87 
1786 
1787.11 
1788.21 
1789.3 
1790.38 
1791.45 
1792.5 
1793.55 
1794.58 
1795.61 
1796.62 
1797.62 
1798.61 
1799.59 
1800.56 
1801.52 
1802.47 
1803.41 
1804.34 
1805.27 
1806.18 
1807.08 
1807.97 
1808.85 
1809.73 
1810.59 
1811.45 
1812.29 
1813.13 
1813.96 
1814.78 
1815.59 
1816.39 
1817.19 
1817.97 
1818.75 
1819.52 
1820.28 
1821.03 
1821.78 
1822.52 
1823.25 
1823.97 
1824.69 
1825.39 
1826.1 
1826.79 
1827.47 
1828.15 
1828.82 
1829.49 
1830.15 
1830.8 
1831.44 
1832.08 
1832.71 
1833.33 
1833.95 
1834.56 
1835.17 
1835.76 
1836.36 
1836.94 
1837.52 
1838.09 
1838.66 
1839.22 
1839.78 
1840.33 
1840.87 
1841.41 
1841.94 
1842.47 
1842.99 
1843.5 
1844.01 
1844.52 
1845.02 
1845.51 
1846 
1846.48 
1846.96 
1847.43 
1847.9 
1848.36 
1848.82 
1849.27 
1849.72 
1850.16 
1850.59 
1851.02 
1851.45 
1851.87 
1852.29 
1852.7 
1853.11 
1853.51 
1853.91 
1854.3 
1854.69 
1855.08 
1855.45 
1855.83 
1856.2 
1856.56 
1856.93 
1857.28 
1857.63 
1857.98 
1858.32 
1858.66 
1859 
1859.33 
1859.65 
1859.97 
1860.29 
1860.6 
1860.91 
1861.21 
1861.51 
1861.81 
1862.1 
1862.38 
1862.66 
1862.94 
1863.21 
1863.48 
1863.75 
1864.01 
1864.27 
1864.52 
1864.77 
1865.01 
1865.25 
1865.48 
1865.71 
1865.94 
1866.16 
1866.38 
1866.6 
1866.81 
1867.01 
1867.21 
1867.41 
1867.6 
1867.79 
1867.98 
1868.16 
1868.33 
1868.5 
1868.67 
1868.83 
1868.99 
1869.15 
1869.3 
1869.44 
1869.58 
1869.72 
1869.85 
1869.98 
1870.11 
1870.23 
1870.34 
1870.45 
1870.56 
1870.66 
1870.76 
1870.85 
1870.94 
1871.02 
1871.1 
1871.18 
1871.25 
1871.32 
1871.38 
1871.44 
1871.49 
1871.54 
1871.58 
1871.62 
1871.65 
1871.68 
1871.71 
1871.73 
1871.75 
1871.76 
1871.76 
1871.76 
1871.76 
1871.75 
1871.74 
1871.72 
1871.7 
1871.67 
1871.64 
1871.6 
1871.56 
1871.51 
1871.46 
1871.4 
1871.34 
1871.28 
1871.2 
1871.13 
1871.04 
1870.96 
1870.86 
1870.77 
1870.66 
1870.56 
1870.44 
1870.33 
1870.2 
1870.07 
1869.94 
1869.8 
1869.66 
1869.51 
1869.35 
1869.19 
1869.02 
1868.85 
1868.67 
1868.49 
1868.3 
1868.11 
1867.91 
1867.71 
1867.5 
1867.28 
1867.06 
1866.83 
1866.6 
1866.36 
1866.12 
1865.87 
1865.61 
1865.35 
1865.08 
1864.81 
1864.53 
1864.25 
1863.96 
1863.66 
1863.36 
1863.05 
1862.74 
1862.42 
1862.09 
1861.76 
1861.42 
1861.08 
1860.73 
1860.38 
1860.01 
1859.65 
1859.27 
1858.89 
1858.51 
1858.11 
1857.71 
1857.31 
1856.9 
1856.48 
1856.06 
1855.63 
1855.19 
1854.75 
1854.3 
1853.85 
1853.39 
1852.92 
1852.45 
1851.97 
1851.48 
1850.99 
1850.49 
1849.98 
1849.47 
1848.95 
1848.43 
1847.9 
1847.36 
1846.82 
1846.27 
1845.71 
1845.15 
1844.58 
1844 
1843.42 
1842.83 
1842.23 
1841.63 
1841.02 
1840.4 
1839.78 
1839.15 
1838.52 
1837.88 
1837.23 
1836.57 
1835.91 
1835.24 
1834.57 
1833.89 
1833.2 
1832.51 
1831.8 
1831.1 
1830.38 
1829.66 
1828.94 
1828.2 
1827.46 
1826.71 
1825.96 
1825.2 
1824.43 
1823.66 
1822.88 
1822.09 
1821.3 
1820.5 
1819.69 
1818.88 
1818.06 
1817.23 
1816.4 
1815.56 
1814.72 
1813.86 
1813.01 
1812.14 
1811.27 
1810.39 
1809.5 
1808.61 
1807.72 
1806.81 
1805.9 
1804.98 
1804.06 
1803.13 
1802.19 
1801.25 
1800.3 
1799.34 
1798.38 
1797.41 
1796.44 
1795.46 
1794.47 
1793.48 
1792.48 
1791.47 
1790.46 
1789.44 
1788.41 
1787.38 
1786.34 
1785.3 
1784.25 
1783.19 
1782.13 
1781.06 
1779.99 
1778.91 
1777.82 
1776.73 
1775.63 
1774.52 
1773.41 
1772.3 
1771.17 
1770.05 
1768.91 
1767.77 
1766.62 
1765.47 
1764.31 
1763.15 
1761.98 
1760.81 
1759.63 
1758.44 
1757.25 
1756.05 
1754.85 
1753.64 
1752.42 
1751.2 
1749.97 
1748.74 
1747.51 
1746.26 
1745.02 
1743.76 
1742.51 
1741.24 
1739.97 
1738.7 
1737.42 
1736.13 
1734.84 
1733.55 
1732.25 
1730.94 
1729.63 
1728.31 
1726.99 
1725.67 
1724.34 
1723 
1721.66 
1720.32 
1718.96 
1717.61 
1716.25 
1714.88 
1713.51 
1712.14 
1710.76 
1709.38 
1707.99 
1706.6 
1705.2 
1703.8 
1702.39 
1700.98 
1699.56 
1698.15 
1696.72 
1695.29 
1693.86 
1692.42 
1690.98 
1689.54 
1688.09 
1686.63 
1685.17 
1683.71 
1682.25 
1680.78 
1679.3 
1677.83 
1676.34 
1674.86 
1673.37 
1671.87 
1670.38 
1668.88 
1667.37 
1665.86 
1664.35 
1662.84 
1661.32 
1659.79 
1658.27 
1656.74 
1655.2 
1653.67 
1652.13 
1650.58 
1649.04 
1647.49 
1645.93 
1644.38 
1642.82 
1641.26 
1639.69 
1638.12 
1636.55 
1634.97 
1633.39 
1631.81 
1630.23 
1628.64 
1627.05 
1625.46 
1623.86 
1622.27 
1620.66 
1619.06 
1617.45 
1615.85 
1614.23 
1612.62 
1611 
1609.38 
1607.76 
1606.14 
1604.51 
1602.88 
1601.25 
1599.62 
1597.98 
1596.34 
1594.7 
1593.06 
1591.41 
1589.76 
1588.12 
1586.46 
1584.81 
1583.15 
1581.5 
1579.84 
1578.18 
1576.51 
1574.85 
1573.18 
1571.51 
1569.84 
1568.17 
1566.49 
1564.81 
1563.14 
1561.46 
1559.78 
1558.09 
1556.41 
1554.72 
1553.03 
1551.35 
1549.65 
1547.96 
1546.27 
1544.57 
1542.88 
1541.18 
1539.48 
1537.78 
1536.08 
1534.37 
1532.67 
1530.97 
1529.26 
1527.55 
1525.84 
1524.13 
1522.42 
1520.71 
1518.99 
1517.28 
1515.56 
1513.85 
1512.13 
1510.41 
1508.69 
1506.97 
1505.25 
1503.53 
1501.81 
1500.08 
1498.36 
1496.63 
1494.91 
1493.18 
1491.45 
1489.72 
1487.99 
1486.26 
1484.53 
1482.8 
1481.07 
1479.34 
1477.61 
1475.87 
1474.14 
1472.4 
1470.67 
1468.93 
1467.2 
1465.46 
1463.72 
1461.99 
1460.25 
1458.51 
1456.77 
1455.03 
1453.29 
1451.55 
1449.81 
1448.07 
1446.33 
1444.59 
1442.85 
1441.11 
1439.37 
1437.63 
1435.88 
1434.14 
1432.4 
1430.66 
1428.91 
1427.17 
1425.43 
1423.68 
1421.94 
1420.2 
1418.45 
1416.71 
1414.96 
1413.22 
1411.48 
1409.73 
1407.99 
1406.24 
1404.5 
1402.75 
1401.01 
1399.27 
1397.52 
1395.78 
1394.03 
1392.29 
1390.55 
1388.8 
1387.06 
1385.31 
1383.57 
1381.83 
1380.08 
1378.34 
1376.6 
1374.85 
1373.11 
1371.37 
1369.62 
1367.88 
1366.14 
1364.4 
1362.65 
1360.91 
1359.17 
1357.43 
1355.69 
1353.94 
1352.2 
1350.46 
1348.72 
1346.98 
1345.24 
1343.5 
1341.76 
1340.02 
1338.28 
1336.54 
1334.8 
1333.06 
1331.33 
1329.59 
1327.85 
1326.11 
1324.37 
1322.64 
1320.9 
1319.16 
1317.43 
1315.69 
1313.96 
1312.22 
1310.48 
1308.75 
1307.01 
1305.28 
1303.55 
1301.81 
1300.08 
1298.35 
1296.61 
1294.88 
1293.15 
1291.42 
1289.68 
1287.95 
1286.22 
1284.49 
1282.76 
1281.03 
1279.3 
1277.57 
1275.84 
1274.11 
1272.39 
1270.66 
1268.93 
1267.2 
1265.48 
1263.75 
1262.02 
1260.3 
1258.57 
1256.85 
1255.12 
1253.4 
1251.67 
1249.95 
1248.22 
1246.5 
1244.78 
1243.06 
1241.33 
1239.61 
1237.89 
1236.17 
1234.45 
1232.73 
1231.01 
1229.29 
1227.57 
1225.85 
1224.13 
1222.41 
1220.69 
1218.98 
1217.26 
1215.54 
1213.83 
1212.11 
1210.39 
1208.68 
1206.96 
1205.25 
1203.53 
1201.82 
1200.11 
1198.39 
1196.68 
1194.97 
1193.25 
1191.54 
1189.83 
1188.12 
1186.41 
1184.7 
1182.99 
1181.28 
1179.57 
1177.86 
1176.15 
1174.44 
1172.74 
1171.03 
1169.32 
1167.62 
1165.91 
1164.2 
1162.5 
1160.79 
1159.09 
1157.39 
1155.68 
1153.98 
1152.27 
1150.57 
1148.87 
1147.17 
1145.47 
1143.77 
1142.07 
1140.37 
1138.67 
1136.97 
1135.27 
1133.57 
1131.87 
1130.17 
1128.48 
1126.78 
1125.08 
1123.39 
1121.69 
1120 
1118.3 
1116.61 
1114.92 
1113.22 
1111.53 
1109.84 
1108.15 
1106.46 
1104.77 
1103.08 
1101.39 
1099.7 
1098.01 
1096.32 
1094.63 
1092.94 
1091.26 
1089.57 
1087.89 
1086.2 
1084.52 
1082.83 
1081.15 
1079.47 
1077.78 
1076.1 
1074.42 
1072.74 
1071.06 
1069.38 
1067.7 
1066.03 
1064.35 
1062.67 
1060.99 
1059.32 
1057.64 
1055.97 
1054.29 
1052.62 
1050.95 
1049.28 
1047.61 
1045.94 
1044.27 
1042.6 
1040.93 
1039.26 
1037.59 
1035.93 
1034.26 
1032.6 
1030.93 
1029.27 
1027.61 
1025.94 
1024.28 
1022.62 
1020.96 
1019.31 
1017.65 
1015.99 
1014.33 
1012.68 
1011.02 
1009.37 
1007.72 
1006.07 
1004.41 
1002.76 
1001.12 
999.467 
997.82 
996.174 
994.528 
992.884 
991.24 
989.597 
987.956 
986.315 
984.676 
983.037 
981.399 
979.763 
978.128 
976.493 
974.86 
973.228 
971.597 
969.967 
968.338 
966.71 
965.083 
963.458 
961.834 
960.211 
958.589 
956.968 
955.349 
953.731 
952.114 
950.498 
948.884 
947.271 
945.659 
944.048 
942.439 
940.832 
939.225 
937.62 
936.016 
934.414 
932.813 
931.214 
929.616 
928.019 
926.424 
924.831 
923.239 
921.648 
920.059 
918.472 
916.886 
915.301 
913.719 
912.138 
910.558 
908.98 
907.404 
905.83 
904.257 
902.686 
901.116 
899.549 
897.983 
896.419 
894.856 
893.296 
891.737 
890.18 
888.625 
887.072 
885.521 
883.972 
882.424 
880.879 
879.335 
877.794 
876.254 
874.717 
873.181 
871.648 
870.116 
868.587 
867.06 
865.535 
864.012 
862.491 
860.973 
859.456 
857.942 
856.43 
854.921 
853.413 
851.908 
850.405 
848.905 
847.407 
845.911 
844.417 
842.927 
841.438 
839.952 
838.468 
836.987 
835.509 
834.032 
832.559 
831.088 
829.619 
828.154 
826.69 
825.23 
823.772 
822.317 
820.864 
819.415 
817.968 
816.523 
815.082 
813.643 
812.208 
810.775 
809.345 
807.917 
806.493 
805.072 
803.653 
802.238 
800.826 
799.416 
798.01 
796.607 
795.206 
793.809 
792.415 
791.025 
789.637 
788.252 
786.871 
785.493 
784.118 
782.747 
781.379 
780.014 
778.652 
777.294 
775.939 
774.588 
773.24 
771.895 
770.554 
769.217 
767.883 
766.552 
765.225 
763.902 
762.582 
761.266 
759.953 
758.644 
757.339 
756.037 
754.739 
753.445 
752.155 
750.869 
749.586 
748.307 
747.032 
745.761 
744.494 
743.23 
741.971 
740.715 
739.464 
738.217 
736.973 
735.734 
734.498 
733.267 
732.04 
730.817 
729.598 
728.383 
727.173 
725.966 
724.764 
723.566 
722.373 
721.183 
719.998 
718.818 
717.641 
716.469 
715.302 
714.139 
712.98 
711.826 
710.676 
709.53 
708.39 
707.253 
706.122 
704.994 
703.872 
702.754 
701.64 
700.531 
699.427 
698.328 
697.233 
696.143 
695.058 
693.977 
692.901 
691.83 
690.764 
689.703 
688.646 
687.594 
686.547 
685.506 
684.468 
683.436 
682.409 
681.387 
680.37 
679.357 
678.35 
677.348 
676.35 
675.358 
674.371 
673.389 
672.412 
671.44 
670.473 
669.512 
668.555 
667.604 
666.658 
665.717 
664.781 
663.851 
662.925 
662.005 
661.091 
660.181 
659.277 
658.378 
657.484 
656.596 
655.713 
654.836 
653.963 
653.096 
652.235 
651.379 
650.528 
649.683 
648.843 
648.009 
647.18 
646.356 
645.538 
644.725 
643.918 
643.117 
642.321 
641.53 
640.745 
639.965 
639.191 
638.423 
637.66 
636.902 
636.15 
635.404 
634.663 
633.928 
633.198 
632.474 
631.756 
631.043 
630.336 
629.634 
628.938 
628.248 
627.563 
626.884 
626.211 
625.543 
624.88 
624.224 
623.573 
622.928 
622.288 
621.654 
621.026 
620.403 
619.786 
619.174 
618.569 
617.969 
617.374 
616.785 
616.202 
615.625 
615.053 
614.487 
613.926 
613.371 
612.822 
612.279 
611.741 
611.208 
610.682 
610.161 
609.646 
609.136 
608.632 
608.133 
607.641 
607.153 
606.672 
606.196 
605.725 
605.261 
604.802 
604.348 
603.9 
603.458 
603.021 
602.59 
602.164 
601.744 
601.329 
600.92 
600.517 
600.119 
599.726 
599.339 
598.958 
598.582 
598.211 
597.846 
597.487 
597.133 
596.784 
596.441 
596.103 
595.771 
595.444 
595.123 
594.807 
594.496 
594.191 
593.891 
593.596 
593.307 
593.023 
592.744 
592.471 
592.202 
591.94 
591.682 
591.43 
591.183 
590.941 
590.704 
590.473 
590.247 
590.026 
589.81 
589.599 
589.393 
589.193 
588.997 
588.807 
588.622 
588.441 
588.266 
588.096 
587.931 
587.771 
587.616 
587.465 
587.32 
587.18 
587.045 
586.914 
586.788 
586.668 
586.552 
586.441 
586.335 
586.233 
586.136 
586.045 
585.957 
585.875 
585.797 
585.724 
585.656 
585.593 
585.534 
585.479 
585.429 
585.384 
585.344 
585.308 
585.276 
585.249 
585.227 
585.209 
585.195 
585.186 
585.182 
585.182 
585.186 
585.194 
585.207 
585.225 
585.246 
585.272 
585.302 
585.337 
585.375 
585.418 
585.465 
585.517 
585.572 
585.632 
585.695 
585.763 
585.835 
585.911 
585.991 
586.075 
586.164 
586.256 
586.352 
586.452 
586.556 
586.664 
586.776 
586.891 
587.011 
587.134 
587.262 
587.393 
587.527 
587.666 
587.808 
587.954 
588.104 
588.258 
588.415 
588.576 
588.74 
588.908 
589.08 
589.255 
589.434 
589.616 
589.802 
589.991 
590.184 
590.38 
590.58 
590.783 
590.99 
591.199 
591.413 
591.629 
591.849 
592.073 
592.299 
592.529 
592.762 
592.998 
593.238 
593.481 
593.727 
593.976 
594.228 
594.483 
594.742 
595.003 
595.268 
595.536 
595.806 
596.08 
596.357 
596.637 
596.919 
597.205 
597.493 
597.785 
598.079 
598.377 
598.677 
598.98 
599.285 
599.594 
599.905 
600.219 
600.536 
600.856 
601.178 
601.503 
601.831 
602.162 
602.495 
602.831 
603.169 
603.51 
603.854 
604.2 
604.548 
604.9 
605.254 
605.61 
605.969 
606.33 
606.694 
607.06 
607.429 
607.8 
608.173 
608.549 
608.928 
609.308 
609.691 
610.077 
610.464 
610.854 
611.247 
611.641 
612.038 
612.437 
612.838 
613.242 
613.648 
614.055 
614.465 
614.878 
615.292 
615.709 
616.127 
616.548 
616.971 
617.396 
617.823 
618.252 
618.683 
619.116 
619.551 
619.988 
620.427 
620.868 
621.311 
621.756 
622.203 
622.651 
623.102 
623.554 
624.009 
624.465 
624.923 
625.383 
625.845 
626.309 
626.774 
627.242 
627.711 
628.181 
628.654 
629.128 
629.604 
630.082 
630.561 
631.042 
631.525 
632.01 
632.496 
632.984 
633.473 
633.964 
634.457 
634.951 
635.447 
635.945 
636.444 
636.944 
637.446 
637.95 
638.455 
638.962 
639.47 
639.98 
640.491 
641.004 
641.518 
642.034 
642.551 
643.069 
643.589 
644.111 
644.633 
645.158 
645.683 
646.21 
646.738 
647.268 
647.799 
648.331 
648.865 
649.4 
649.936 
650.473 
651.012 
651.552 
652.094 
652.636 
653.18 
653.725 
654.272 
654.819 
655.368 
655.918 
656.469 
657.022 
657.575 
658.13 
658.686 
659.243 
659.801 
660.36 
660.921 
661.483 
662.045 
662.609 
663.174 
663.74 
664.307 
664.875 
665.444 
666.014 
666.586 
667.158 
667.731 
668.306 
668.881 
669.457 
670.034 
670.613 
671.192 
671.772 
672.353 
672.936 
673.519 
674.103 
674.687 
675.273 
675.86 
676.448 
677.036 
677.625 
678.216 
678.807 
679.399 
679.992 
680.585 
681.18 
681.775 
682.371 
682.968 
683.566 
684.164 
684.763 
685.364 
685.964 
686.566 
687.168 
687.771 
688.375 
688.98 
689.585 
690.191 
690.797 
691.405 
692.013 
692.621 
693.231 
693.841 
694.452 
695.063 
695.675 
696.287 
696.901 
697.514 
698.129 
698.744 
699.36 
699.976 
700.593 
701.21 
701.828 
702.446 
703.065 
703.685 
704.305 
704.926 
705.547 
706.168 
706.79 
707.413 
708.036 
708.66 
709.284 
709.908 
710.533 
711.158 
711.784 
712.411 
713.037 
713.664 
714.292 
714.92 
715.548 
716.177 
716.806 
717.435 
718.065 
718.695 
719.326 
719.957 
720.588 
721.219 
721.851 
722.483 
723.115 
723.748 
724.381 
725.014 
725.647 
726.281 
726.915 
727.549 
728.183 
728.818 
729.452 
730.087 
730.722 
731.357 
731.993 
732.628 
733.264 
733.9 
734.535 
735.172 
735.808 
736.444 
737.08 
737.716 
738.353 
738.989 
739.626 
740.263 
740.899 
741.536 
742.172 
742.809 
743.446 
744.083 
744.719 
745.356 
745.992 
746.629 
747.266 
747.902 
748.538 
749.175 
749.811 
750.447 
751.083 
751.719 
752.355 
752.991 
753.626 
754.262 
754.897 
755.533 
756.168 
756.803 
757.438 
758.073 
758.708 
759.343 
759.978 
760.613 
761.248 
761.883 
762.518 
763.153 
763.788 
764.422 
765.057 
765.692 
766.326 
766.96 
767.595 
768.229 
768.863 
769.497 
770.131 
770.765 
771.399 
772.033 
772.666 
773.3 
773.934 
774.567 
775.201 
775.834 
776.467 
777.1 
777.733 
778.366 
778.999 
779.631 
780.263 
780.895 
781.527 
782.158 
782.79 
783.421 
784.051 
784.682 
785.312 
785.942 
786.572 
787.201 
787.83 
788.459 
789.088 
789.716 
790.344 
790.972 
791.6 
792.227 
792.854 
793.481 
794.107 
794.733 
795.359 
795.984 
796.609 
797.234 
797.858 
798.482 
799.106 
799.729 
800.352 
800.974 
801.596 
802.217 
802.838 
803.459 
804.079 
804.698 
805.317 
805.935 
806.553 
807.171 
807.788 
808.404 
809.02 
809.635 
810.25 
810.864 
811.477 
812.09 
812.703 
813.315 
813.926 
814.536 
815.146 
815.756 
816.365 
816.973 
817.58 
818.187 
818.794 
819.4 
820.005 
820.609 
821.213 
821.816 
822.419 
823.021 
823.622 
824.222 
824.822 
825.421 
826.019 
826.617 
827.214 
827.81 
828.405 
828.999 
829.593 
830.186 
830.778 
831.369 
831.96 
832.549 
833.138 
833.726 
834.313 
834.899 
835.484 
836.069 
836.652 
837.235 
837.816 
838.397 
838.977 
839.555 
840.133 
840.71 
841.286 
841.862 
842.436 
843.009 
843.581 
844.152 
844.723 
845.292 
845.86 
846.428 
846.994 
847.559 
848.123 
848.687 
849.249 
849.81 
850.37 
850.929 
851.487 
852.044 
852.6 
853.155 
853.708 
854.261 
854.813 
855.363 
855.913 
856.461 
857.008 
857.554 
858.099 
858.643 
859.186 
859.727 
860.267 
860.807 
861.345 
861.881 
862.417 
862.951 
863.484 
864.016 
864.547 
865.076 
865.604 
866.131 
866.657 
867.181 
867.704 
868.226 
868.746 
869.265 
869.783 
870.3 
870.815 
871.33 
871.842 
872.354 
872.864 
873.373 
873.88 
874.387 
874.891 
875.395 
875.897 
876.398 
876.897 
877.395 
877.892 
878.387 
878.881 
879.374 
879.865 
880.355 
880.843 
881.33 
881.815 
882.299 
882.782 
883.263 
883.743 
884.221 
884.698 
885.173 
885.647 
886.12 
886.59 
887.06 
887.528 
887.994 
888.46 
888.923 
889.385 
889.846 
890.306 
890.763 
891.22 
891.675 
892.128 
892.58 
893.031 
893.48 
893.927 
894.373 
894.817 
895.26 
895.702 
896.141 
896.58 
897.016 
897.452 
897.885 
898.318 
898.748 
899.177 
899.605 
900.031 
900.455 
900.878 
901.3 
901.72 
902.138 
902.555 
902.97 
903.384 
903.796 
904.206 
904.615 
905.022 
905.428 
905.832 
906.235 
906.636 
907.035 
907.433 
907.829 
908.224 
908.617 
909.008 
909.398 
909.786 
910.172 
910.557 
910.941 
911.322 
911.702 
912.081 
912.457 
912.832 
913.206 
913.578 
913.948 
914.317 
914.683 
915.049 
915.412 
915.774 
916.135 
916.493 
916.85 
917.206 
917.559 
917.911 
918.262 
918.61 
918.957 
919.303 
919.646 
919.988 
920.329 
920.667 
921.004 
921.339 
921.673 
922.005 
922.335 
922.664 
922.991 
923.316 
923.64 
923.962 
924.283 
924.602 
924.92 
925.235 
925.55 
925.863 
926.174 
926.483 
926.791 
927.098 
927.403 
927.706 
928.008 
928.308 
928.607 
928.904 
929.199 
929.493 
929.786 
930.076 
930.365 
930.653 
930.939 
931.223 
931.506 
931.788 
932.067 
932.345 
932.622 
932.897 
933.17 
933.442 
933.712 
933.981 
934.248 
934.513 
934.777 
935.04 
935.3 
935.56 
935.817 
936.073 
936.328 
936.581 
936.832 
937.082 
937.33 
937.577 
937.822 
938.065 
938.307 
938.548 
938.787 
939.024 
939.26 
939.494 
939.727 
939.958 
940.188 
940.416 
940.642 
940.867 
941.091 
941.313 
941.533 
941.752 
941.97 
942.186 
942.401 
942.614 
942.825 
943.035 
943.244 
943.451 
943.657 
943.862 
944.064 
944.266 
944.466 
944.665 
944.862 
945.057 
945.252 
945.445 
945.636 
945.826 
946.015 
946.202 
946.388 
946.573 
946.756 
946.937 
947.118 
947.297 
947.474 
947.651 
947.826 
947.999 
948.171 
948.342 
948.512 
948.68 
948.847 
949.013 
949.177 
949.34 
949.501 
949.662 
949.821 
949.978 
950.134 
950.288 
950.44 
950.591 
950.741 
950.888 
951.034 
951.179 
951.321 
951.462 
951.601 
951.738 
951.874 
952.007 
952.139 
952.268 
952.396 
952.522 
952.646 
952.768 
952.888 
953.006 
953.123 
953.237 
953.35 
953.46 
953.569 
953.676 
953.782 
953.885 
953.986 
954.086 
954.183 
954.279 
954.372 
954.463 
954.553 
954.64 
954.726 
954.809 
954.89 
954.969 
955.047 
955.122 
955.196 
955.267 
955.336 
955.404 
955.469 
955.533 
955.594 
955.653 
955.711 
955.766 
955.819 
955.87 
955.919 
955.966 
956.012 
956.055 
956.096 
956.135 
956.171 
956.206 
956.238 
956.267 
956.295 
956.32 
956.343 
956.363 
956.381 
956.397 
956.411 
956.422 
956.432 
956.439 
956.444 
956.446 
956.447 
956.445 
956.442 
956.436 
956.428 
956.418 
956.406 
956.392 
956.376 
956.358 
956.338 
956.316 
956.292 
956.266 
956.238 
956.208 
956.175 
956.141 
956.105 
956.067 
956.027 
955.985 
955.942 
955.896 
955.848 
955.798 
955.746 
955.692 
955.636 
955.578 
955.518 
955.456 
955.392 
955.326 
955.258 
955.188 
955.117 
955.043 
954.968 
954.891 
954.812 
954.731 
954.648 
954.564 
954.477 
954.389 
954.299 
954.208 
954.115 
954.02 
953.923 
953.825 
953.725 
953.623 
953.52 
953.415 
953.309 
953.201 
953.091 
952.98 
952.868 
952.754 
952.639 
952.522 
952.404 
952.284 
952.163 
952.041 
951.917 
951.793 
951.666 
951.539 
951.41 
951.28 
951.149 
951.017 
950.883 
950.748 
950.611 
950.473 
950.334 
950.193 
950.05 
949.907 
949.762 
949.616 
949.468 
949.318 
949.168 
949.015 
948.862 
948.707 
948.55 
948.393 
948.234 
948.073 
947.912 
947.749 
947.585 
947.42 
947.253 
947.085 
946.917 
946.747 
946.576 
946.403 
946.23 
946.056 
945.881 
945.705 
945.527 
945.349 
945.17 
944.99 
944.809 
944.627 
944.445 
944.261 
944.077 
943.892 
943.706 
943.519 
943.332 
943.144 
942.955 
942.766 
942.576 
942.385 
942.194 
942.002 
941.809 
941.616 
941.422 
941.228 
941.033 
940.838 
940.642 
940.446 
940.249 
940.052 
939.854 
939.655 
939.455 
939.254 
939.052 
938.849 
938.645 
938.441 
938.235 
938.029 
937.822 
937.614 
937.406 
937.197 
936.987 
936.776 
936.565 
936.353 
936.141 
935.928 
935.714 
935.5 
935.285 
935.07 
934.854 
934.638 
934.421 
934.204 
933.987 
933.769 
933.551 
933.333 
933.114 
932.895 
932.676 
932.457 
932.237 
932.018 
931.798 
931.578 
931.358 
931.138 
930.918 
930.698 
930.478 
930.258 
930.038 
929.818 
929.598 
929.379 
929.159 
928.939 
928.72 
928.501 
928.282 
928.063 
927.844 
927.626 
927.408 
927.19 
926.972 
926.754 
926.537 
926.32 
926.104 
925.887 
925.671 
925.455 
925.239 
925.023 
924.808 
924.593 
924.378 
924.163 
923.948 
923.734 
923.52 
923.305 
923.091 
922.876 
922.662 
922.448 
922.234 
922.02 
921.806 
921.592 
921.378 
921.165 
920.952 
920.739 
920.526 
920.313 
920.101 
919.889 
919.677 
919.466 
919.254 
919.043 
918.833 
918.622 
918.412 
918.202 
917.992 
917.783 
917.574 
917.365 
917.157 
916.948 
916.74 
916.533 
916.326 
916.119 
915.912 
915.706 
915.5 
915.294 
915.089 
914.884 
914.679 
914.474 
914.27 
914.067 
913.864 
913.661 
913.458 
913.256 
913.054 
912.853 
912.652 
912.451 
912.25 
912.05 
911.85 
911.65 
911.45 
911.251 
911.052 
910.853 
910.654 
910.455 
910.256 
910.057 
909.858 
909.659 
909.46 
909.26 
909.061 
908.862 
908.663 
908.463 
908.264 
908.065 
907.866 
907.667 
907.468 
907.268 
907.069 
906.869 
906.67 
906.47 
906.269 
906.068 
905.867 
905.665 
905.463 
905.26 
905.056 
904.853 
904.648 
904.444 
904.239 
904.033 
903.827 
903.621 
903.414 
903.207 
903 
902.791 
902.583 
902.374 
902.165 
901.956 
901.746 
901.536 
901.326 
901.116 
900.905 
900.695 
900.484 
900.274 
900.063 
899.852 
899.641 
899.43 
899.219 
899.007 
898.796 
898.584 
898.373 
898.161 
897.949 
897.737 
897.525 
897.313 
897.1 
896.888 
896.675 
896.462 
896.25 
896.037 
895.824 
895.611 
895.399 
895.186 
894.973 
894.761 
894.548 
894.336 
894.124 
893.912 
893.701 
893.489 
893.278 
893.068 
892.857 
892.647 
892.437 
892.227 
892.017 
891.807 
891.597 
891.387 
891.177 
890.968 
890.758 
890.547 
890.337 
890.127 
889.916 
889.705 
889.495 
889.284 
889.073 
888.863 
888.652 
888.442 
888.232 
888.022 
887.812 
887.602 
887.393 
887.184 
886.975 
886.767 
886.559 
886.35 
886.142 
885.934 
885.726 
885.518 
885.31 
885.103 
884.895 
884.688 
884.481 
884.274 
884.068 
883.861 
883.655 
883.45 
883.244 
883.039 
882.835 
882.631 
882.427 
882.224 
882.02 
881.816 
881.612 
881.409 
881.205 
881.002 
880.798 
880.595 
880.392 
880.189 
879.986 
879.784 
879.582 
879.38 
879.179 
878.978 
878.777 
878.577 
878.377 
878.178 
877.979 
877.782 
877.584 
877.388 
877.192 
876.996 
876.802 
876.608 
876.415 
876.223 
876.032 
875.842 
875.652 
875.464 
875.276 
875.089 
874.904 
874.719 
874.535 
874.353 
874.171 
873.991 
873.812 
873.633 
873.456 
873.28 
873.105 
872.93 
872.756 
872.582 
872.41 
872.237 
872.066 
871.895 
871.724 
871.554 
871.385 
871.216 
871.047 
870.879 
870.711 
870.544 
870.378 
870.212 
870.046 
869.882 
869.718 
869.554 
869.392 
869.23 
869.069 
868.908 
868.748 
868.59 
868.431 
868.274 
868.118 
867.962 
867.808 
867.654 
867.501 
867.349 
867.198 
867.048 
866.898 
866.749 
866.6 
866.451 
866.303 
866.156 
866.01 
865.864 
865.718 
865.574 
865.43 
865.286 
865.144 
865.002 
864.86 
864.72 
864.58 
864.441 
864.302 
864.164 
864.026 
863.889 
863.752 
863.615 
863.479 
863.343 
863.207 
863.072 
862.938 
862.804 
862.671 
862.538 
862.406 
862.274 
862.143 
862.012 
861.882 
861.751 
861.622 
861.492 
861.363 
861.234 
861.106 
860.978 
860.85 
860.723 
860.596 
860.469 
860.343 
860.217 
860.091 
859.966 
859.841 
859.717 
859.593 
859.47 
859.347 
859.225 
859.103 
858.982 
858.862 
858.742 
858.624 
858.505 
858.388 
858.271 
858.155 
858.04 
857.925 
857.81 
857.697 
857.584 
857.471 
857.36 
857.249 
857.139 
857.029 
856.92 
856.811 
856.703 
856.596 
856.489 
856.382 
856.276 
856.17 
856.065 
855.959 
855.854 
855.75 
855.645 
855.541 
855.438 
855.335 
855.233 
855.131 
855.03 
854.93 
854.83 
854.731 
854.633 
854.535 
854.438 
854.342 
854.247 
854.153 
854.059 
853.965 
853.873 
853.78 
853.689 
853.598 
853.508 
853.417 
853.327 
853.236 
853.145 
853.054 
852.962 
852.871 
852.779 
852.687 
852.595 
852.504 
852.412 
852.32 
852.228 
852.136 
852.044 
851.953 
851.861 
851.77 
851.679 
851.588 
851.498 
851.408 
851.319 
851.229 
851.141 
851.052 
850.965 
850.878 
850.791 
850.706 
850.621 
850.537 
850.454 
850.371 
850.29 
850.209 
850.13 
850.051 
849.974 
849.897 
849.821 
849.746 
849.671 
849.597 
849.523 
849.45 
849.376 
849.303 
849.23 
849.158 
849.086 
849.014 
848.942 
848.871 
848.8 
848.73 
848.66 
848.591 
848.522 
848.453 
848.385 
848.318 
848.251 
848.185 
848.119 
848.054 
847.989 
847.925 
847.862 
847.798 
847.736 
847.673 
847.611 
847.55 
847.488 
847.428 
847.367 
847.307 
847.247 
847.188 
847.13 
847.071 
847.014 
846.957 
846.901 
846.845 
846.79 
846.736 
846.681 
846.627 
846.573 
846.519 
846.466 
846.413 
846.361 
846.309 
846.258 
846.207 
846.157 
846.107 
846.057 
846.008 
845.959 
845.91 
845.862 
845.815 
845.768 
845.721 
845.675 
845.63 
845.585 
845.541 
845.497 
845.455 
845.412 
845.371 
845.331 
845.291 
845.252 
845.213 
845.175 
845.138 
845.102 
845.066 
845.031 
844.996 
844.96 
844.925 
844.89 
844.854 
844.819 
844.784 
844.749 
844.714 
844.68 
844.646 
844.612 
844.578 
844.545 
844.512 
844.479 
844.446 
844.413 
844.381 
844.348 
844.316 
844.283 
844.251 
844.219 
844.188 
844.157 
844.126 
844.095 
844.065 
844.035 
844.005 
843.976 
843.947 
843.918 
843.889 
843.86 
843.83 
843.801 
843.771 
843.741 
843.711 
843.681 
843.65 
843.62 
843.589 
843.558 
843.527 
843.496 
843.466 
843.435 
843.404 
843.374 
843.344 
843.314 
843.284 
843.254 
843.226 
843.197 
843.169 
843.141 
843.114 
843.088 
843.062 
843.036 
843.012 
842.988 
842.964 
842.941 
842.918 
842.895 
842.872 
842.85 
842.829 
842.808 
842.787 
842.766 
842.746 
842.726 
842.706 
842.687 
842.667 
842.648 
842.629 
842.61 
842.592 
842.574 
842.557 
842.539 
842.523 
842.507 
842.491 
842.476 
842.461 
842.447 
842.432 
842.418 
842.405 
842.391 
842.378 
842.366 
842.354 
842.341 
842.33 
842.318 
842.307 
842.296 
842.285 
842.275 
842.264 
842.254 
842.244 
842.235 
842.225 
842.216 
842.206 
842.198 
842.189 
842.181 
842.173 
842.166 
842.158 
842.151 
842.144 
842.138 
842.132 
842.126 
842.121 
842.116 
842.111 
842.107 
842.104 
842.1 
842.098 
842.096 
842.094 
842.093 
842.093 
842.092 
842.091 
842.09 
842.089 
842.088 
842.088 
842.087 
842.086 
842.086 
842.086 
842.085 
842.084 
842.082 
842.081 
842.079 
842.077 
842.075 
842.074 
842.072 
842.07 
842.068 
842.065 
842.063 
842.06 
842.057 
842.054 
842.052 
842.049 
842.046 
842.043 
842.04 
842.037 
842.035 
842.033 
842.031 
842.029 
842.027 
842.025 
842.024 
842.022 
842.02 
842.018 
842.016 
842.015 
842.012 
842.01 
842.008 
842.006 
842.004 
842.002 
842 
841.999 
841.997 
841.996 
841.994 
841.993 
841.992 
841.991 
841.991 
841.99 
841.989 
841.989 
841.988 
841.987 
841.987 
841.987 
841.987 
841.987 
841.987 
841.988 
841.989 
841.99 
841.991 
841.992 
841.994 
841.995 
841.997 
841.998 
841.999 
842 
842.002 
842.003 
842.005 
842.007 
842.009 
842.012 
842.015 
842.018 
842.02 
842.023 
842.026 
842.029 
842.032 
842.035 
842.038 
842.041 
842.044 
842.047 
842.049 
842.052 
842.054 
842.057 
842.059 
842.061 
842.064 
842.066 
842.069 
842.071 
842.074 
842.077 
842.08 
842.083 
842.087 
842.09 
842.093 
842.096 
842.1 
842.103 
842.107 
842.11 
842.114 
842.118 
842.122 
842.127 
842.131 
842.136 
842.14 
842.145 
842.15 
842.154 
842.159 
842.165 
842.17 
842.175 
842.181 
842.187 
842.193 
842.199 
842.205 
842.211 
842.217 
842.224 
842.23 
842.237 
842.243 
842.25 
842.257 
842.264 
842.271 
842.278 
842.286 
842.294 
842.302 
842.31 
842.318 
842.326 
842.334 
842.342 
842.351 
842.359 
842.367 
842.375 
842.383 
842.39 
842.397 
842.405 
842.412 
842.418 
842.425 
842.432 
842.438 
842.444 
842.451 
842.457 
842.464 
842.47 
842.475 
842.48 
842.484 
842.488 
842.492 
842.495 
842.498 
842.501 
842.504 
842.506 
842.509 
842.511 
842.514 
842.516 
842.519 
842.522 
842.525 
842.528 
842.531 
842.534 
842.537 
842.539 
842.543 
842.546 
842.549 
842.553 
842.556 
842.56 
842.564 
842.568 
842.571 
842.575 
842.578 
842.581 
842.584 
842.587 
842.589 
842.592 
842.595 
842.597 
842.6 
842.603 
842.605 
842.608 
842.611 
842.613 
842.616 
842.618 
842.62 
842.622 
842.624 
842.627 
842.629 
842.63 
842.632 
842.634 
842.635 
842.637 
842.638 
842.64 
842.641 
842.643 
842.644 
842.645 
842.646 
842.647 
842.647 
842.647 
842.648 
842.648 
842.648 
842.648 
842.648 
842.647 
842.647 
842.646 
842.645 
842.643 
842.641 
842.639 
842.637 
842.635 
842.632 
842.63 
842.627 
842.624 
842.622 
842.619 
842.617 
842.615 
842.613 
842.611 
842.609 
842.607 
842.606 
842.605 
842.604 
842.603 
842.602 
842.602 
842.601 
842.6 
842.599 
842.598 
842.597 
842.596 
842.595 
842.593 
842.591 
842.588 
842.585 
842.582 
842.579 
842.576 
842.572 
842.569 
842.565 
842.561 
842.558 
842.554 
842.551 
842.547 
842.544 
842.54 
842.537 
842.534 
842.531 
842.527 
842.524 
842.521 
842.518 
842.515 
842.512 
842.509 
842.506 
842.503 
842.5 
842.497 
842.494 
842.49 
842.487 
842.483 
842.48 
842.476 
842.472 
842.469 
842.464 
842.46 
842.456 
842.451 
842.446 
842.441 
842.436 
842.431 
842.425 
842.419 
842.412 
842.404 
842.397 
842.388 
842.38 
842.37 
842.361 
842.351 
842.341 
842.33 
842.319 
842.308 
842.296 
842.284 
842.271 
842.258 
842.245 
842.231 
842.217 
842.203 
842.189 
842.175 
842.16 
842.146 
842.131 
842.116 
842.1 
842.085 
842.07 
842.054 
842.039 
842.024 
842.008 
841.993 
841.979 
841.964 
841.95 
841.936 
841.922 
841.908 
841.894 
841.88 
841.866 
841.852 
841.838 
841.824 
841.81 
841.796 
841.782 
841.769 
841.755 
841.742 
841.728 
841.713 
841.699 
841.684 
841.668 
841.653 
841.637 
841.62 
841.603 
841.586 
841.568 
841.55 
841.531 
841.512 
841.493 
841.474 
841.454 
841.434 
841.414 
841.394 
841.374 
841.353 
841.333 
841.313 
841.292 
841.272 
841.252 
841.232 
841.212 
841.191 
841.171 
841.151 
841.13 
841.109 
841.088 
841.066 
841.044 
841.021 
840.998 
840.975 
840.951 
840.927 
840.902 
840.878 
840.853 
840.827 
840.802 
840.776 
840.75 
840.724 
840.698 
840.672 
840.645 
840.619 
840.593 
840.566 
840.54 
840.513 
840.487 
840.46 
840.434 
840.407 
840.381 
840.355 
840.329 
840.303 
840.277 
840.251 
840.225 
840.2 
840.174 
840.149 
840.123 
840.098 
840.072 
840.046 
840.02 
839.994 
839.968 
839.941 
839.913 
839.886 
839.858 
839.83 
839.801 
839.773 
839.744 
839.715 
839.685 
839.655 
839.624 
839.593 
839.562 
839.531 
839.499 
839.467 
839.435 
839.402 
839.368 
839.335 
839.301 
839.266 
839.232 
839.197 
839.161 
839.126 
839.09 
839.054 
839.018 
838.982 
838.946 
838.91 
838.873 
838.837 
838.8 
838.764 
838.728 
838.691 
838.655 
838.619 
838.583 
838.546 
838.51 
838.474 
838.437 
838.401 
838.364 
838.327 
838.29 
838.252 
838.215 
838.177 
838.139 
838.101 
838.063 
838.025 
837.986 
837.948 
837.909 
837.87 
837.831 
837.791 
837.752 
837.712 
837.672 
837.632 
837.592 
837.551 
837.511 
837.47 
837.429 
837.388 
837.346 
837.305 
837.263 
837.221 
837.178 
837.135 
837.092 
837.049 
837.005 
836.961 
836.917 
836.872 
836.828 
836.783 
836.739 
836.694 
836.648 
836.602 
836.555 
836.507 
836.459 
836.41 
836.36 
836.31 
836.259 
836.208 
836.156 
836.104 
836.052 
835.999 
835.945 
835.892 
835.838 
835.784 
835.729 
835.675 
835.62 
835.565 
835.509 
835.453 
835.397 
835.341 
835.285 
835.228 
835.171 
835.114 
835.057 
835 
834.943 
834.886 
834.828 
834.771 
834.713 
834.654 
834.596 
834.537 
834.478 
834.418 
834.359 
834.299 
834.239 
834.179 
834.119 
834.058 
833.998 
833.936 
833.875 
833.813 
833.75 
833.687 
833.624 
833.56 
833.496 
833.432 
833.367 
833.302 
833.236 
833.171 
833.105 
833.038 
832.972 
832.906 
832.839 
832.772 
832.705 
832.639 
832.572 
832.505 
832.438 
832.371 
832.305 
832.238 
832.171 
832.105 
832.038 
831.972 
831.905 
831.839 
831.773 
831.706 
831.639 
831.571 
831.504 
831.436 
831.368 
831.3 
831.232 
831.163 
831.094 
831.025 
830.956 
830.886 
830.817 
830.747 
830.677 
830.607 
830.537 
830.467 
830.397 
830.326 
830.255 
830.183 
830.111 
830.039 
829.966 
829.892 
829.819 
829.745 
829.67 
829.595 
829.52 
829.445 
829.369 
829.293 
829.217 
829.14 
829.064 
828.987 
828.91 
828.832 
828.754 
828.675 
828.597 
828.517 
828.438 
828.358 
828.278 
828.197 
828.116 
828.035 
827.953 
827.872 
827.79 
827.707 
827.625 
827.542 
827.459 
827.376 
827.292 
827.209 
827.125 
827.041 
826.957 
826.873 
826.788 
826.704 
826.62 
826.535 
826.451 
826.366 
826.282 
826.197 
826.113 
826.029 
825.945 
825.861 
825.777 
825.693 
825.609 
825.525 
825.441 
825.356 
825.272 
825.188 
825.103 
825.017 
824.931 
824.845 
824.759 
824.672 
824.584 
824.497 
824.409 
824.32 
824.23 
824.14 
824.05 
823.958 
823.867 
823.775 
823.682 
823.589 
823.496 
823.402 
823.308 
823.214 
823.119 
823.024 
822.929 
822.834 
822.738 
822.642 
822.546 
822.45 
822.353 
822.257 
822.16 
822.063 
821.965 
821.868 
821.77 
821.672 
821.573 
821.474 
821.375 
821.276 
821.176 
821.076 
820.976 
820.875 
820.774 
820.673 
820.572 
820.47 
820.368 
820.266 
820.164 
820.061 
819.957 
819.853 
819.749 
819.644 
819.539 
819.434 
819.328 
819.221 
819.114 
819.007 
818.9 
818.792 
818.684 
818.575 
818.467 
818.357 
818.248 
818.139 
818.029 
817.919 
817.809 
817.699 
817.588 
817.477 
817.366 
817.255 
817.143 
817.031 
816.919 
816.806 
816.693 
816.579 
816.464 
816.349 
816.233 
816.117 
816 
815.882 
815.764 
815.646 
815.527 
815.407 
815.287 
815.167 
815.046 
814.924 
814.802 
814.68 
814.557 
814.434 
814.311 
814.187 
814.063 
813.938 
813.813 
813.688 
813.563 
813.437 
813.311 
813.185 
813.058 
812.931 
812.803 
812.675 
812.547 
812.418 
812.289 
812.16 
812.03 
811.901 
811.77 
811.64 
811.509 
811.377 
811.246 
811.113 
810.981 
810.847 
810.714 
810.58 
810.445 
810.31 
810.174 
810.038 
809.901 
809.764 
809.627 
809.489 
809.351 
809.213 
809.074 
808.935 
808.796 
808.656 
808.516 
808.376 
808.236 
808.096 
807.955 
807.815 
807.674 
807.533 
807.392 
807.25 
807.109 
806.967 
806.825 
806.683 
806.541 
806.399 
806.257 
806.114 
805.972 
805.829 
805.686 
805.543 
805.399 
805.255 
805.111 
804.967 
804.823 
804.678 
804.533 
804.388 
804.243 
804.097 
803.952 
803.805 
803.659 
803.512 
803.364 
803.217 
803.069 
802.921 
802.772 
802.623 
802.474 
802.324 
802.174 
802.023 
801.873 
801.722 
801.57 
801.419 
801.267 
801.115 
800.963 
800.811 
800.658 
800.505 
800.352 
800.198 
800.044 
799.89 
799.736 
799.581 
799.427 
799.271 
799.116 
798.96 
798.805 
798.648 
798.492 
798.336 
798.179 
798.022 
797.865 
797.708 
797.551 
797.394 
797.236 
797.079 
796.921 
796.763 
796.605 
796.448 
796.29 
796.132 
795.974 
795.816 
795.657 
795.498 
795.339 
795.18 
795.02 
794.86 
794.7 
794.539 
794.379 
794.218 
794.056 
793.895 
793.733 
793.571 
793.409 
793.246 
793.083 
792.92 
792.756 
792.592 
792.428 
792.263 
792.098 
791.932 
791.766 
791.599 
791.432 
791.264 
791.096 
790.927 
790.758 
790.589 
790.419 
790.248 
790.078 
789.906 
789.734 
789.562 
789.389 
789.216 
789.043 
788.869 
788.694 
788.519 
788.344 
788.168 
787.992 
787.815 
787.638 
787.461 
787.283 
787.105 
786.926 
786.747 
786.567 
786.387 
786.207 
786.026 
785.844 
785.662 
785.479 
785.296 
785.113 
784.929 
784.745 
784.56 
784.375 
784.189 
784.003 
783.816 
783.629 
783.442 
783.254 
783.065 
782.876 
782.687 
782.497 
782.306 
782.115 
781.924 
781.732 
781.539 
781.346 
781.153 
780.959 
780.765 
780.57 
780.375 
780.179 
779.983 
779.787 
779.591 
779.394 
779.196 
778.999 
778.801 
778.603 
778.404 
778.206 
778.007 
777.807 
777.607 
777.407 
777.206 
777.005 
776.804 
776.602 
776.4 
776.197 
775.994 
775.79 
775.586 
775.382 
775.177 
774.971 
774.765 
774.559 
774.352 
774.144 
773.935 
773.726 
773.516 
773.306 
773.094 
772.882 
772.67 
772.456 
772.242 
772.027 
771.811 
771.595 
771.378 
771.161 
770.943 
770.724 
770.505 
770.285 
770.065 
769.844 
769.623 
769.401 
769.179 
768.956 
768.732 
768.508 
768.283 
768.058 
767.832 
767.606 
767.379 
767.152 
766.924 
766.695 
766.467 
766.237 
766.008 
765.778 
765.547 
765.317 
765.085 
764.854 
764.622 
764.39 
764.157 
763.925 
763.691 
763.458 
763.224 
762.99 
762.756 
762.522 
762.287 
762.052 
761.817 
761.582 
761.346 
761.11 
760.874 
760.637 
760.4 
760.162 
759.925 
759.686 
759.448 
759.209 
758.97 
758.73 
758.49 
758.249 
758.008 
757.767 
757.525 
757.283 
757.04 
756.797 
756.553 
756.309 
756.064 
755.819 
755.573 
755.327 
755.081 
754.834 
754.586 
754.339 
754.09 
753.842 
753.593 
753.344 
753.095 
752.845 
752.595 
752.345 
752.095 
751.844 
751.593 
751.342 
751.091 
750.84 
750.588 
750.336 
750.084 
749.832 
749.58 
749.328 
749.076 
748.823 
748.571 
748.318 
748.065 
747.812 
747.559 
747.306 
747.053 
746.799 
746.545 
746.292 
746.038 
745.783 
745.529 
745.274 
745.019 
744.763 
744.507 
744.251 
743.995 
743.738 
743.482 
743.225 
742.967 
742.71 
742.452 
742.195 
741.937 
741.679 
741.42 
741.162 
740.904 
740.645 
740.387 
740.128 
739.869 
739.611 
739.352 
739.093 
738.834 
738.575 
738.316 
738.056 
737.797 
737.538 
737.279 
737.019 
736.76 
736.501 
736.241 
735.982 
735.723 
735.463 
735.204 
734.945 
734.685 
734.426 
734.167 
733.907 
733.648 
733.388 
733.129 
732.869 
732.61 
732.35 
732.091 
731.832 
731.572 
731.313 
731.054 
730.795 
730.536 
730.277 
730.018 
729.759 
729.501 
729.242 
728.984 
728.725 
728.467 
728.209 
727.95 
727.691 
727.433 
727.174 
726.915 
726.655 
726.396 
726.136 
725.876 
725.616 
725.355 
725.094 
724.833 
724.572 
724.311 
724.05 
723.788 
723.526 
723.264 
723.002 
722.739 
722.476 
722.213 
721.949 
721.685 
721.421 
721.156 
720.891 
720.626 
720.36 
720.094 
719.827 
719.56 
719.293 
719.025 
718.757 
718.488 
718.219 
717.949 
717.679 
717.409 
717.138 
716.867 
716.596 
716.324 
716.051 
715.779 
715.506 
715.233 
714.959 
714.685 
714.411 
714.136 
713.862 
713.587 
713.311 
713.035 
712.759 
712.483 
712.206 
711.928 
711.65 
711.372 
711.093 
710.814 
710.534 
710.254 
709.973 
709.692 
709.411 
709.129 
708.846 
708.563 
708.28 
707.996 
707.712 
707.427 
707.142 
706.856 
706.57 
706.283 
705.996 
705.708 
705.42 
705.132 
704.843 
704.553 
704.263 
703.973 
703.682 
703.391 
703.1 
702.807 
702.515 
702.221 
701.927 
701.632 
701.337 
701.041 
700.745 
700.448 
700.15 
699.852 
699.553 
699.254 
698.955 
698.655 
698.354 
698.053 
697.752 
697.45 
697.147 
696.844 
696.541 
696.237 
695.933 
695.629 
695.324 
695.018 
694.712 
694.406 
694.099 
693.792 
693.484 
693.176 
692.867 
692.558 
692.248 
691.938 
691.627 
691.316 
691.005 
690.692 
690.38 
690.067 
689.753 
689.439 
689.125 
688.81 
688.495 
688.179 
687.863 
687.547 
687.229 
686.912 
686.594 
686.275 
685.956 
685.636 
685.315 
684.995 
684.673 
684.352 
684.029 
683.707 
683.384 
683.06 
682.736 
682.411 
682.087 
681.761 
681.436 
681.11 
680.783 
680.457 
680.13 
679.802 
679.475 
679.147 
678.818 
678.49 
678.161 
677.832 
677.503 
677.173 
676.844 
676.514 
676.183 
675.853 
675.522 
675.192 
674.861 
674.529 
674.198 
673.866 
673.535 
673.203 
672.871 
672.538 
672.206 
671.873 
671.54 
671.207 
670.873 
670.539 
670.205 
669.871 
669.536 
669.201 
668.866 
668.531 
668.195 
667.858 
667.521 
667.183 
666.845 
666.506 
666.167 
665.828 
665.488 
665.147 
664.806 
664.465 
664.124 
663.782 
663.439 
663.097 
662.753 
662.41 
662.066 
661.722 
661.378 
661.033 
660.688 
660.343 
659.997 
659.651 
659.305 
658.958 
658.611 
658.264 
657.917 
657.569 
657.221 
656.873 
656.524 
656.175 
655.826 
655.477 
655.128 
654.778 
654.428 
654.078 
653.728 
653.378 
653.027 
652.676 
652.326 
651.975 
651.624 
651.273 
650.922 
650.571 
650.219 
649.868 
649.517 
649.165 
648.814 
648.463 
648.112 
647.76 
647.409 
647.058 
646.706 
646.355 
646.004 
645.653 
645.301 
644.95 
644.599 
644.248 
643.896 
643.545 
643.194 
642.843 
642.491 
642.14 
641.788 
641.436 
641.085 
640.733 
640.381 
640.029 
639.677 
639.326 
638.974 
638.622 
638.27 
637.918 
637.566 
637.214 
636.862 
636.51 
636.158 
635.806 
635.455 
635.103 
634.751 
634.4 
634.048 
633.696 
633.344 
632.992 
632.64 
632.288 
631.936 
631.584 
631.232 
630.88 
630.529 
630.177 
629.825 
629.473 
629.121 
628.77 
628.418 
628.067 
627.715 
627.364 
627.013 
626.662 
626.311 
625.96 
625.609 
625.259 
624.908 
624.558 
624.207 
623.857 
623.507 
623.157 
622.807 
622.457 
622.108 
621.758 
621.408 
621.058 
620.709 
620.359 
620.01 
619.66 
619.311 
618.962 
618.613 
618.264 
617.915 
617.566 
617.218 
616.869 
616.521 
616.173 
615.825 
615.477 
615.13 
614.783 
614.435 
614.089 
613.742 
613.395 
613.049 
612.703 
612.357 
612.011 
611.665 
611.319 
610.974 
610.628 
610.283 
609.938 
609.593 
609.248 
608.903 
608.558 
608.214 
607.87 
607.525 
607.182 
606.838 
606.494 
606.151 
605.808 
605.465 
605.123 
604.781 
604.439 
604.097 
603.755 
603.414 
603.073 
602.733 
602.392 
602.052 
601.712 
601.373 
601.034 
600.695 
600.356 
600.018 
599.68 
599.342 
599.005 
598.667 
598.33 
597.994 
597.658 
597.322 
596.986 
596.651 
596.316 
595.981 
595.646 
595.312 
594.979 
594.645 
594.312 
593.979 
593.646 
593.314 
592.982 
592.65 
592.318 
591.986 
591.655 
591.324 
590.994 
590.663 
590.333 
590.003 
589.674 
589.345 
589.016 
588.687 
588.358 
588.029 
587.701 
587.373 
587.045 
586.717 
586.389 
586.062 
585.735 
585.408 
585.081 
584.754 
584.427 
584.101 
583.774 
583.448 
583.122 
582.796 
582.47 
582.144 
581.819 
581.493 
581.168 
580.842 
580.517 
580.192 
579.867 
579.543 
579.218 
578.894 
578.57 
578.246 
577.922 
577.598 
577.275 
576.952 
576.629 
576.306 
575.983 
575.661 
575.338 
575.016 
574.694 
574.372 
574.05 
573.728 
573.407 
573.085 
572.764 
572.443 
572.122 
571.802 
571.481 
571.16 
570.84 
570.52 
570.2 
569.88 
569.56 
569.24 
568.921 
568.601 
568.282 
567.963 
567.643 
567.324 
567.005 
566.687 
566.368 
566.049 
565.731 
565.412 
565.093 
564.774 
564.455 
564.136 
563.817 
563.497 
563.178 
562.858 
562.538 
562.219 
561.899 
561.579 
561.259 
560.939 
560.618 
560.298 
559.977 
559.656 
559.335 
559.014 
558.692 
558.37 
558.047 
557.725 
557.402 
557.079 
556.755 
556.431 
556.107 
555.783 
555.459 
555.134 
554.809 
554.483 
554.158 
553.832 
553.506 
553.179 
552.853 
552.526 
552.199 
551.872 
551.544 
551.217 
550.889 
550.561 
550.233 
549.905 
549.576 
549.247 
548.919 
548.59 
548.261 
547.931 
547.601 
547.271 
546.941 
546.61 
546.279 
545.948 
545.616 
545.284 
544.952 
544.62 
544.287 
543.954 
543.621 
543.288 
542.955 
542.621 
542.287 
541.953 
541.618 
541.284 
540.949 
540.614 
540.279 
539.944 
539.609 
539.274 
538.938 
538.603 
538.267 
537.931 
537.595 
537.258 
536.922 
536.585 
536.249 
535.912 
535.574 
535.237 
534.9 
534.562 
534.224 
533.885 
533.547 
533.208 
532.869 
532.53 
532.191 
531.851 
531.512 
531.172 
530.832 
530.491 
530.151 
529.81 
529.468 
529.127 
528.785 
528.443 
528.101 
527.758 
527.415 
527.072 
526.729 
526.385 
526.041 
525.697 
525.353 
525.009 
524.664 
524.32 
523.975 
523.63 
523.284 
522.939 
522.593 
522.248 
521.902 
521.556 
521.21 
520.864 
520.517 
520.171 
519.825 
519.478 
519.132 
518.785 
518.438 
518.092 
517.745 
517.398 
517.051 
516.704 
516.357 
516.01 
515.662 
515.315 
514.968 
514.62 
514.272 
513.925 
513.577 
513.229 
512.881 
512.533 
512.185 
511.837 
511.489 
511.141 
510.793 
510.445 
510.097 
509.749 
509.401 
509.053 
508.705 
508.357 
508.009 
507.661 
507.313 
506.966 
506.618 
506.27 
505.923 
505.575 
505.227 
504.879 
504.531 
504.183 
503.834 
503.486 
503.137 
502.788 
502.44 
502.091 
501.741 
501.392 
501.043 
500.693 
500.344 
499.994 
499.644 
499.294 
498.945 
498.595 
498.245 
497.894 
497.544 
497.194 
496.844 
496.494 
496.144 
495.794 
495.443 
495.093 
494.743 
494.393 
494.043 
493.693 
493.343 
492.993 
492.643 
492.293 
491.943 
491.594 
491.244 
490.895 
490.545 
490.196 
489.847 
489.498 
489.149 
488.8 
488.451 
488.103 
487.754 
487.406 
487.058 
486.71 
486.362 
486.014 
485.667 
485.319 
484.972 
484.625 
484.278 
483.932 
483.585 
483.239 
482.892 
482.546 
482.2 
481.854 
481.508 
481.162 
480.817 
480.472 
480.126 
479.781 
479.436 
479.092 
478.747 
478.402 
478.058 
477.714 
477.37 
477.026 
476.682 
476.339 
475.995 
475.652 
475.309 
474.967 
474.624 
474.282 
473.94 
473.598 
473.256 
472.914 
472.573 
472.231 
471.89 
471.548 
471.207 
470.866 
470.525 
470.184 
469.843 
469.502 
469.161 
468.821 
468.48 
468.14 
467.8 
467.459 
467.119 
466.779 
466.439 
466.1 
465.76 
465.42 
465.081 
464.741 
464.402 
464.063 
463.724 
463.384 
463.046 
462.707 
462.368 
462.03 
461.691 
461.353 
461.015 
460.677 
460.339 
460.001 
459.664 
459.326 
458.989 
458.652 
458.315 
457.978 
457.642 
457.305 
456.969 
456.633 
456.297 
455.961 
455.626 
455.29 
454.955 
454.62 
454.285 
453.951 
453.616 
453.282 
452.948 
452.614 
452.28 
451.947 
451.613 
451.28 
450.948 
450.615 
450.283 
449.95 
449.618 
449.287 
448.955 
448.624 
448.293 
447.962 
447.632 
447.302 
446.972 
446.642 
446.313 
445.983 
445.654 
445.326 
444.997 
444.669 
444.341 
444.014 
443.686 
443.359 
443.032 
442.706 
442.38 
442.054 
441.728 
441.403 
441.077 
440.753 
440.428 
440.104 
439.78 
439.456 
439.132 
438.809 
438.486 
438.164 
437.841 
437.519 
437.197 
436.876 
436.554 
436.233 
435.913 
435.592 
435.272 
434.952 
434.633 
434.313 
433.994 
433.676 
433.357 
433.039 
432.721 
432.403 
432.085 
431.768 
431.45 
431.133 
430.816 
430.499 
430.183 
429.866 
429.55 
429.234 
428.918 
428.602 
428.286 
427.971 
427.656 
427.341 
427.026 
426.712 
426.397 
426.083 
425.769 
425.456 
425.142 
424.829 
424.516 
424.203 
423.89 
423.578 
423.265 
422.953 
422.641 
422.329 
422.018 
421.707 
421.395 
421.084 
420.774 
420.463 
420.152 
419.842 
419.531 
419.221 
418.911 
418.601 
418.292 
417.982 
417.673 
417.363 
417.054 
416.745 
416.436 
416.127 
415.819 
415.51 
415.202 
414.894 
414.586 
414.278 
413.97 
413.662 
413.355 
413.048 
412.741 
412.434 
412.127 
411.821 
411.514 
411.208 
410.902 
410.597 
410.291 
409.986 
409.681 
409.376 
409.071 
408.767 
408.462 
408.158 
407.855 
407.551 
407.248 
406.945 
406.642 
406.339 
406.037 
405.734 
405.432 
405.131 
404.829 
404.528 
404.227 
403.926 
403.625 
403.325 
403.025 
402.725 
402.425 
402.126 
401.827 
401.528 
401.229 
400.931 
400.633 
400.335 
400.037 
399.739 
399.442 
399.145 
398.848 
398.552 
398.256 
397.96 
397.664 
397.368 
397.073 
396.778 
396.483 
396.189 
395.894 
395.6 
395.306 
395.012 
394.719 
394.426 
394.133 
393.84 
393.547 
393.255 
392.963 
392.671 
392.379 
392.088 
391.796 
391.505 
391.214 
390.924 
390.633 
390.343 
390.053 
389.763 
389.474 
389.184 
388.895 
388.606 
388.318 
388.029 
387.741 
387.453 
387.165 
386.877 
386.59 
386.302 
386.015 
385.728 
385.441 
385.155 
384.868 
384.582 
384.296 
384.01 
383.724 
383.438 
383.153 
382.867 
382.582 
382.297 
382.012 
381.728 
381.443 
381.159 
380.874 
380.59 
380.306 
380.023 
379.739 
379.456 
379.173 
378.89 
378.607 
378.324 
378.042 
377.759 
377.477 
377.195 
376.914 
376.632 
376.351 
376.07 
375.789 
375.508 
375.227 
374.947 
374.667 
374.387 
374.107 
373.827 
373.548 
373.269 
372.99 
372.711 
372.432 
372.154 
371.876 
371.598 
371.32 
371.043 
370.765 
370.488 
370.211 
369.934 
369.658 
369.381 
369.105 
368.829 
368.553 
368.277 
368.002 
367.727 
367.451 
367.176 
366.902 
366.627 
366.353 
366.078 
365.804 
365.53 
365.256 
364.983 
364.709 
364.436 
364.163 
363.89 
363.618 
363.345 
363.073 
362.801 
362.529 
362.257 
361.986 
361.715 
361.443 
361.173 
360.902 
360.631 
360.361 
360.091 
359.821 
359.551 
359.282 
359.012 
358.743 
358.474 
358.205 
357.937 
357.669 
357.4 
357.133 
356.865 
356.597 
356.33 
356.063 
355.796 
355.529 
355.263 
354.996 
354.73 
354.464 
354.198 
353.933 
353.667 
353.402 
353.137 
352.872 
352.607 
352.343 
352.078 
351.814 
351.55 
351.287 
351.023 
350.759 
350.496 
350.233 
349.97 
349.707 
349.444 
349.182 
348.919 
348.657 
348.395 
348.133 
347.871 
347.609 
347.348 
347.086 
346.825 
346.564 
346.303 
346.042 
345.781 
345.521 
345.261 
345 
344.74 
344.481 
344.221 
343.961 
343.701 
343.442 
343.182 
342.923 
342.664 
342.404 
342.145 
341.886 
341.627 
341.368 
341.11 
340.851 
340.592 
340.334 
340.075 
339.817 
339.559 
339.301 
339.043 
338.785 
338.527 
338.269 
338.012 
337.754 
337.497 
337.24 
336.983 
336.726 
336.469 
336.212 
335.955 
335.698 
335.442 
335.185 
334.929 
334.672 
334.416 
334.159 
333.903 
333.647 
333.391 
333.134 
332.878 
332.622 
332.366 
332.11 
331.855 
331.599 
331.343 
331.087 
330.831 
330.576 
330.32 
330.064 
329.809 
329.553 
329.298 
329.042 
328.787 
328.532 
328.277 
328.022 
327.766 
327.511 
327.257 
327.002 
326.747 
326.492 
326.238 
325.983 
325.728 
325.474 
325.22 
324.965 
324.711 
324.457 
324.203 
323.949 
323.695 
323.441 
323.187 
322.934 
322.68 
322.426 
322.173 
321.919 
321.666 
321.413 
321.159 
320.906 
320.653 
320.4 
320.147 
319.894 
319.641 
319.389 
319.136 
318.883 
318.631 
318.378 
318.126 
317.873 
317.62 
317.368 
317.116 
316.863 
316.611 
316.358 
316.106 
315.854 
315.601 
315.349 
315.097 
314.845 
314.593 
314.34 
314.088 
313.836 
313.584 
313.332 
313.08 
312.829 
312.577 
312.325 
312.073 
311.822 
311.57 
311.319 
311.067 
310.816 
310.564 
310.313 
310.062 
309.811 
309.56 
309.309 
309.058 
308.807 
308.556 
308.305 
308.054 
307.803 
307.552 
307.302 
307.051 
306.8 
306.549 
306.298 
306.047 
305.796 
305.545 
305.294 
305.042 
304.791 
304.54 
304.289 
304.037 
303.786 
303.534 
303.283 
303.032 
302.78 
302.529 
302.277 
302.026 
301.774 
301.522 
301.271 
301.019 
300.768 
300.516 
300.264 
300.013 
299.761 
299.509 
299.258 
299.006 
298.754 
298.502 
298.251 
297.999 
297.747 
297.496 
297.244 
296.992 
296.74 
296.488 
296.235 
295.983 
295.731 
295.479 
295.226 
294.974 
294.721 
294.469 
294.216 
293.964 
293.711 
293.458 
293.206 
292.953 
292.7 
292.447 
292.194 
291.941 
291.688 
291.435 
291.182 
290.929 
290.676 
290.422 
290.169 
289.915 
289.662 
289.408 
289.155 
288.901 
288.648 
288.394 
288.14 
287.887 
287.633 
287.379 
287.125 
286.872 
286.618 
286.364 
286.11 
285.856 
285.603 
285.349 
285.095 
284.841 
284.588 
284.334 
284.08 
283.827 
283.573 
283.319 
283.066 
282.812 
282.559 
282.305 
282.052 
281.798 
281.545 
281.291 
281.038 
280.785 
280.532 
280.279 
280.025 
279.772 
279.519 
279.266 
279.014 
278.761 
278.508 
278.255 
278.002 
277.75 
277.497 
277.245 
276.992 
276.739 
276.487 
276.234 
275.981 
275.729 
275.476 
275.223 
274.971 
274.718 
274.465 
274.213 
273.96 
273.707 
273.455 
273.202 
272.95 
272.697 
272.445 
272.192 
271.94 
271.687 
271.435 
271.182 
270.93 
270.678 
270.425 
270.173 
269.921 
269.668 
269.416 
269.164 
268.912 
268.66 
268.408 
268.156 
267.904 
267.653 
267.401 
267.149 
266.897 
266.646 
266.394 
266.143 
265.891 
265.64 
265.389 
265.137 
264.886 
264.635 
264.384 
264.133 
263.882 
263.631 
263.38 
263.13 
262.879 
262.628 
262.378 
262.127 
261.877 
261.627 
261.376 
261.126 
260.876 
260.626 
260.376 
260.126 
259.876 
259.626 
259.376 
259.127 
258.877 
258.627 
258.378 
258.128 
257.879 
257.63 
257.381 
257.131 
256.882 
256.633 
256.384 
256.135 
255.886 
255.638 
255.389 
255.14 
254.892 
254.643 
254.395 
254.147 
253.898 
253.65 
253.402 
253.154 
252.906 
252.658 
252.411 
252.163 
251.915 
251.668 
251.42 
251.173 
250.925 
250.678 
250.431 
250.183 
249.936 
249.689 
249.442 
249.195 
248.948 
248.702 
248.455 
248.208 
247.962 
247.715 
247.469 
247.223 
246.977 
246.73 
246.484 
246.238 
245.993 
245.747 
245.501 
245.255 
245.01 
244.764 
244.519 
244.273 
244.028 
243.783 
243.537 
243.292 
243.047 
242.802 
242.557 
242.312 
242.067 
241.822 
241.577 
241.333 
241.088 
240.843 
240.599 
240.354 
240.11 
239.866 
239.622 
239.378 
239.133 
238.89 
238.646 
238.402 
238.158 
237.914 
237.671 
237.427 
237.184 
236.941 
236.698 
236.455 
236.212 
235.969 
235.726 
235.483 
235.241 
234.998 
234.756 
234.513 
234.271 
234.029 
233.787 
233.545 
233.303 
233.062 
232.82 
232.578 
232.337 
232.096 
231.855 
231.614 
231.373 
231.132 
230.891 
230.651 
230.41 
230.17 
229.929 
229.689 
229.449 
229.209 
228.97 
228.73 
228.49 
228.251 
228.012 
227.772 
227.533 
227.294 
227.056 
226.817 
226.578 
226.34 
226.101 
225.863 
225.625 
225.387 
225.149 
224.912 
224.674 
224.436 
224.199 
223.962 
223.725 
223.488 
223.251 
223.014 
222.777 
222.541 
222.305 
222.068 
221.832 
221.596 
221.36 
221.124 
220.889 
220.653 
220.418 
220.182 
219.947 
219.712 
219.477 
219.243 
219.008 
218.773 
218.539 
218.305 
218.071 
217.837 
217.603 
217.369 
217.135 
216.902 
216.669 
216.435 
216.202 
215.969 
215.736 
215.504 
215.271 
215.039 
214.806 
214.574 
214.342 
214.11 
213.879 
213.647 
213.416 
213.184 
212.953 
212.722 
212.491 
212.26 
212.03 
211.799 
211.569 
211.338 
211.108 
210.878 
210.649 
210.419 
210.189 
209.96 
209.731 
209.501 
209.272 
209.044 
208.815 
208.586 
208.358 
208.129 
207.901 
207.673 
207.445 
207.218 
206.99 
206.762 
206.535 
206.308 
206.081 
205.854 
205.627 
205.4 
205.174 
204.947 
204.721 
204.495 
204.269 
204.043 
203.818 
203.592 
203.367 
203.141 
202.916 
202.691 
202.466 
202.241 
202.017 
201.792 
201.568 
201.344 
201.12 
200.896 
200.672 
200.448 
200.225 
200.002 
199.778 
199.555 
199.332 
199.11 
198.887 
198.664 
198.442 
198.22 
197.998 
197.776 
197.554 
197.332 
197.111 
196.889 
196.668 
196.447 
196.225 
196.004 
195.784 
195.563 
195.342 
195.121 
194.901 
194.681 
194.46 
194.24 
194.02 
193.8 
193.58 
193.361 
193.141 
192.921 
192.702 
192.483 
192.264 
192.044 
191.825 
191.607 
191.388 
191.169 
190.951 
190.732 
190.514 
190.296 
190.078 
189.86 
189.642 
189.425 
189.207 
188.99 
188.773 
188.555 
188.338 
188.122 
187.905 
187.688 
187.472 
187.255 
187.039 
186.823 
186.607 
186.391 
186.175 
185.96 
185.744 
185.529 
185.314 
185.099 
184.884 
184.669 
184.455 
184.24 
184.026 
183.812 
183.598 
183.384 
183.17 
182.956 
182.743 
182.529 
182.316 
182.103 
181.89 
181.677 
181.464 
181.252 
181.039 
180.827 
180.615 
180.403 
180.191 
179.979 
179.768 
179.556 
179.345 
179.134 
178.923 
178.712 
178.501 
178.29 
178.08 
177.869 
177.659 
177.449 
177.239 
177.03 
176.82 
176.611 
176.401 
176.192 
175.983 
175.774 
175.565 
175.357 
175.148 
174.94 
174.732 
174.524 
174.316 
174.108 
173.9 
173.693 
173.486 
173.278 
173.071 
172.864 
172.658 
172.451 
172.245 
172.038 
171.832 
171.626 
171.42 
171.215 
171.009 
170.804 
170.598 
170.393 
170.188 
169.983 
169.779 
169.574 
169.37 
169.165 
168.961 
168.757 
168.554 
168.35 
168.146 
167.943 
167.74 
167.537 
167.334 
167.131 
166.928 
166.726 
166.524 
166.322 
166.12 
165.918 
165.716 
165.514 
165.313 
165.112 
164.911 
164.71 
164.509 
164.308 
164.108 
163.907 
163.707 
163.507 
163.307 
163.107 
162.908 
162.708 
162.509 
162.31 
162.111 
161.912 
161.714 
161.515 
161.317 
161.118 
160.92 
160.722 
160.525 
160.327 
160.13 
159.932 
159.735 
159.538 
159.341 
159.145 
158.948 
158.752 
158.556 
158.36 
158.164 
157.968 
157.772 
157.577 
157.382 
157.187 
156.992 
156.797 
156.602 
156.407 
156.213 
156.019 
155.825 
155.631 
155.437 
155.243 
155.05 
154.857 
154.663 
154.47 
154.277 
154.085 
153.892 
153.7 
153.507 
153.315 
153.123 
152.931 
152.74 
152.548 
152.357 
152.166 
151.975 
151.784 
151.593 
151.402 
151.212 
151.022 
150.832 
150.642 
150.452 
150.262 
150.073 
149.883 
149.694 
149.505 
149.316 
149.127 
148.939 
148.75 
148.562 
148.374 
148.186 
147.998 
147.811 
147.623 
147.436 
147.248 
147.061 
146.875 
146.688 
146.501 
146.315 
146.129 
145.943 
145.757 
145.571 
145.385 
145.2 
145.014 
144.829 
144.644 
144.459 
144.275 
144.09 
143.906 
143.722 
143.538 
143.354 
143.17 
142.986 
142.803 
142.62 
142.437 
142.254 
142.071 
141.888 
141.706 
141.523 
141.341 
141.159 
140.977 
140.796 
140.614 
140.433 
140.252 
140.071 
139.89 
139.709 
139.528 
139.348 
139.168 
138.988 
138.808 
138.628 
138.448 
138.269 
138.089 
137.91 
137.731 
137.552 
137.374 
137.195 
137.017 
136.839 
136.661 
136.483 
136.305 
136.127 
135.95 
135.773 
135.596 
135.419 
135.242 
135.065 
134.889 
134.713 
134.536 
134.361 
134.185 
134.009 
133.834 
133.658 
133.483 
133.308 
133.133 
132.958 
132.784 
132.609 
132.435 
132.261 
132.087 
131.914 
131.74 
131.566 
131.393 
131.22 
131.047 
130.874 
130.702 
130.529 
130.357 
130.185 
130.013 
129.841 
129.669 
129.497 
129.326 
129.155 
128.984 
128.813 
128.642 
128.471 
128.301 
128.13 
127.96 
127.79 
127.62 
127.451 
127.281 
127.112 
126.943 
126.774 
126.605 
126.436 
126.267 
126.099 
125.93 
125.762 
125.594 
125.426 
125.259 
125.091 
124.924 
124.756 
124.589 
124.422 
124.255 
124.089 
123.922 
123.756 
123.59 
123.423 
123.258 
123.092 
122.926 
122.761 
122.595 
122.43 
122.265 
122.1 
121.936 
121.771 
121.607 
121.442 
121.278 
121.114 
120.951 
120.787 
120.624 
120.46 
120.297 
120.134 
119.971 
119.808 
119.646 
119.484 
119.321 
119.159 
118.997 
118.835 
118.674 
118.512 
118.351 
118.19 
118.029 
117.868 
117.707 
117.547 
117.386 
117.226 
117.066 
116.906 
116.747 
116.587 
116.427 
116.268 
116.109 
115.95 
115.791 
115.633 
115.474 
115.316 
115.158 
115 
114.842 
114.684 
114.526 
114.369 
114.212 
114.055 
113.898 
113.741 
113.584 
113.428 
113.272 
113.116 
112.96 
112.804 
112.648 
112.493 
112.337 
112.182 
112.027 
111.872 
111.717 
111.563 
111.408 
111.254 
111.1 
110.946 
110.792 
110.638 
110.485 
110.332 
110.178 
110.025 
109.873 
109.72 
109.567 
109.415 
109.263 
109.111 
108.959 
108.807 
108.655 
108.504 
108.353 
108.201 
108.05 
107.9 
107.749 
107.598 
107.448 
107.298 
107.148 
106.998 
106.848 
106.699 
106.549 
106.4 
106.251 
106.102 
105.953 
105.805 
105.656 
105.508 
105.36 
105.212 
105.064 
104.917 
104.769 
104.622 
104.475 
104.328 
104.181 
104.034 
103.888 
103.741 
103.595 
103.449 
103.303 
103.157 
103.012 
102.866 
102.721 
102.576 
102.431 
102.286 
102.142 
101.997 
101.853 
101.709 
101.565 
101.421 
101.277 
101.134 
100.99 
100.847 
100.704 
100.561 
100.419 
100.276 
100.134 
99.9914 
99.8493 
99.7074 
99.5656 
99.424 
99.2826 
99.1413 
99.0001 
98.8592 
98.7184 
98.5777 
98.4372 
98.2969 
98.1567 
98.0167 
97.8768 
97.7371 
97.5975 
97.4582 
97.3189 
97.1799 
97.0409 
96.9022 
96.7636 
96.6251 
96.4869 
96.3487 
96.2108 
96.073 
95.9353 
95.7978 
95.6605 
95.5233 
95.3863 
95.2494 
95.1127 
94.9761 
94.8397 
94.7035 
94.5674 
94.4315 
94.2957 
94.1601 
94.0246 
93.8893 
93.7542 
93.6192 
93.4844 
93.3497 
93.2152 
93.0808 
92.9466 
92.8126 
92.6787 
92.545 
92.4114 
92.278 
92.1447 
92.0116 
91.8787 
91.7459 
91.6133 
91.4808 
91.3485 
91.2163 
91.0843 
90.9525 
90.8208 
90.6893 
90.5579 
90.4267 
90.2956 
90.1647 
90.0339 
89.9034 
89.7729 
89.6426 
89.5125 
89.3825 
89.2527 
89.1231 
88.9936 
88.8642 
88.735 
88.606 
88.4771 
88.3484 
88.2199 
88.0914 
87.9632 
87.8351 
87.7072 
87.5794 
87.4517 
87.3243 
87.1969 
87.0698 
86.9428 
86.8159 
86.6892 
86.5627 
86.4363 
86.31 
86.184 
86.058 
85.9323 
85.8067 
85.6812 
85.5559 
85.4307 
85.3057 
85.1809 
85.0562 
84.9317 
84.8073 
84.6831 
84.559 
84.4351 
84.3113 
84.1877 
84.0643 
83.941 
83.8178 
83.6948 
83.572 
83.4493 
83.3268 
83.2044 
83.0822 
82.9601 
82.8382 
82.7164 
82.5948 
82.4734 
82.3521 
82.2309 
82.1099 
81.9891 
81.8684 
81.7479 
81.6275 
81.5073 
81.3872 
81.2673 
81.1475 
81.0279 
80.9084 
80.7891 
80.67 
80.551 
80.4321 
80.3134 
80.1949 
80.0765 
79.9583 
79.8402 
79.7223 
79.6045 
79.4868 
79.3694 
79.252 
79.1349 
79.0179 
78.901 
78.7843 
78.6677 
78.5513 
78.435 
78.3189 
78.203 
78.0872 
77.9715 
77.856 
77.7407 
77.6255 
77.5104 
77.3955 
77.2808 
77.1662 
77.0518 
76.9375 
76.8233 
76.7094 
76.5955 
76.4818 
76.3683 
76.2549 
76.1417 
76.0286 
75.9157 
75.8029 
75.6902 
75.5778 
75.4654 
75.3532 
75.2412 
75.1293 
75.0176 
74.906 
74.7946 
74.6833 
74.5722 
74.4612 
74.3504 
74.2397 
74.1291 
74.0188 
73.9085 
73.7984 
73.6885 
73.5787 
73.4691 
73.3596 
73.2502 
73.141 
73.032 
72.9231 
72.8144 
72.7058 
72.5973 
72.489 
