45707.5 
42999 
37934.4 
34028.6 
30964 
28538 
26606.1 
25057 
23802.4 
22772.1 
21911.5 
21178.9 
20542.8 
19979.8 
19472.9 
19009.5 
18580.5 
18179.5 
17801.8 
17443.8 
17103.2 
16778.2 
16467.3 
16169.5 
15884 
15610 
15346.8 
15094 
14851 
14617.4 
14392.6 
14176.2 
13967.9 
13767.2 
13573.7 
13387 
13206.9 
13032.9 
12864.9 
12702.4 
12545.2 
12393 
12245.6 
12102.8 
11964.3 
11830 
11699.6 
11572.9 
11449.9 
11330.3 
11214 
11100.9 
10990.8 
10883.6 
10779.2 
10677.5 
10578.3 
10481.7 
10387.4 
10295.5 
10205.7 
10118.2 
10032.7 
9949.22 
9867.7 
9788.06 
9710.24 
9634.2 
9559.88 
9487.22 
9416.18 
9346.7 
9278.76 
9212.29 
9147.27 
9083.65 
9021.39 
8960.46 
8900.82 
8842.44 
8785.29 
8729.33 
8674.54 
8620.88 
8568.32 
8516.84 
8466.42 
8417.03 
8368.65 
8321.23 
8274.78 
8229.25 
8184.63 
8140.9 
8098.04 
8056.02 
8014.84 
7974.46 
7934.87 
7896.05 
7857.98 
7820.65 
7784.03 
7748.11 
7712.88 
7678.31 
7644.4 
7611.12 
7578.46 
7546.41 
7514.95 
7484.05 
7453.72 
7423.94 
7394.68 
7365.95 
7337.73 
7309.99 
7282.73 
7255.94 
7229.59 
7203.68 
7178.2 
7153.14 
7128.47 
7104.2 
7080.31 
7056.78 
7033.61 
7010.78 
6988.28 
6966.1 
6944.23 
6922.67 
6901.4 
6880.41 
6859.7 
6839.25 
6819.05 
6799.1 
6779.39 
6759.91 
6740.65 
6721.61 
6702.78 
6684.15 
6665.72 
6647.49 
6629.43 
6611.56 
6593.87 
6576.35 
6558.99 
6541.8 
6524.78 
6507.9 
6491.19 
6474.63 
6458.21 
6441.95 
6425.83 
6409.85 
6394.01 
6378.32 
6362.76 
6347.34 
6332.06 
6316.91 
6301.89 
6287.01 
6272.25 
6257.63 
6243.13 
6228.76 
6214.51 
6200.38 
6186.38 
6172.49 
6158.72 
6145.06 
6131.52 
6118.08 
6104.75 
6091.52 
6078.39 
6065.35 
6052.41 
6039.55 
6026.78 
6014.09 
6001.48 
5988.94 
5976.47 
5964.06 
5951.71 
5939.41 
5927.16 
5914.96 
5902.79 
5890.67 
5878.57 
5866.49 
5854.44 
5842.4 
5830.38 
5818.36 
5806.34 
5794.33 
5782.3 
5770.27 
5758.23 
5746.16 
5734.08 
5721.97 
5709.84 
5697.67 
5685.47 
5673.24 
5660.97 
5648.65 
5636.3 
5623.91 
5611.46 
5598.98 
5586.44 
5573.86 
5561.23 
5548.55 
5535.82 
5523.05 
5510.22 
5497.34 
5484.42 
5471.45 
5458.43 
5445.37 
5432.26 
5419.11 
5405.92 
5392.68 
5379.41 
5366.1 
5352.76 
5339.38 
5325.97 
5312.53 
5299.07 
5285.58 
5272.07 
5258.54 
5244.99 
5231.42 
5217.85 
5204.26 
5190.66 
5177.06 
5163.45 
5149.85 
5136.24 
5122.64 
5109.04 
5095.46 
5081.88 
5068.32 
5054.77 
5041.24 
5027.73 
5014.24 
5000.77 
4987.33 
4973.92 
4960.54 
4947.19 
4933.88 
4920.6 
4907.35 
4894.15 
4880.99 
4867.86 
4854.78 
4841.75 
4828.76 
4815.82 
4802.93 
4790.09 
4777.3 
4764.56 
4751.88 
4739.25 
4726.67 
4714.15 
4701.69 
4689.28 
4676.94 
4664.65 
4652.42 
4640.26 
4628.15 
4616.11 
4604.12 
4592.2 
4580.35 
4568.55 
4556.82 
4545.15 
4533.55 
4522.01 
4510.54 
4499.13 
4487.78 
4476.5 
4465.28 
4454.13 
4443.04 
4432.02 
4421.06 
4410.17 
4399.34 
4388.57 
4377.87 
4367.24 
4356.66 
4346.16 
4335.71 
4325.33 
4315.01 
4304.76 
4294.56 
4284.43 
4274.36 
4264.36 
4254.42 
4244.53 
4234.71 
4224.95 
4215.25 
4205.61 
4196.03 
4186.52 
4177.06 
4167.66 
4158.32 
4149.03 
4139.81 
4130.64 
4121.54 
4112.49 
4103.5 
4094.56 
4085.68 
4076.86 
4068.1 
4059.39 
4050.74 
4042.14 
4033.6 
4025.12 
4016.69 
4008.32 
4000 
3991.73 
3983.52 
3975.37 
3967.27 
3959.23 
3951.24 
3943.3 
3935.42 
3927.59 
3919.82 
3912.1 
3904.43 
3896.82 
3889.27 
3881.77 
3874.32 
3866.93 
3859.59 
3852.31 
3845.08 
3837.91 
3830.79 
3823.73 
3816.72 
3809.77 
3802.87 
3796.03 
3789.25 
3782.52 
3775.85 
3769.23 
3762.67 
3756.17 
3749.73 
3743.34 
3737.01 
3730.74 
3724.52 
3718.37 
3712.27 
3706.23 
3700.25 
3694.33 
3688.47 
3682.67 
3676.93 
3671.25 
3665.63 
3660.06 
3654.56 
3649.12 
3643.74 
3638.42 
3633.16 
3627.96 
3622.83 
3617.75 
3612.73 
3607.78 
3602.89 
3598.05 
3593.28 
3588.57 
3583.92 
3579.32 
3574.79 
3570.32 
3565.91 
3561.55 
3557.26 
3553.02 
3548.84 
3544.72 
3540.66 
3536.66 
3532.71 
3528.81 
3524.97 
3521.19 
3517.46 
3513.78 
3510.16 
3506.58 
3503.06 
3499.59 
3496.17 
3492.79 
3489.47 
3486.19 
3482.95 
3479.76 
3476.61 
3473.51 
3470.44 
3467.42 
3464.44 
3461.49 
3458.58 
3455.7 
3452.86 
3450.05 
3447.27 
3444.52 
3441.8 
3439.11 
3436.44 
3433.8 
3431.18 
3428.58 
3426.01 
3423.45 
3420.9 
3418.38 
3415.86 
3413.36 
3410.87 
3408.4 
3405.92 
3403.46 
3401 
3398.54 
3396.09 
3393.63 
3391.18 
3388.72 
3386.26 
3383.79 
3381.32 
3378.84 
3376.34 
3373.84 
3371.33 
3368.8 
3366.25 
3363.69 
3361.12 
3358.52 
3355.9 
3353.27 
3350.6 
3347.92 
3345.21 
3342.47 
3339.71 
3336.92 
3334.1 
3331.25 
3328.37 
3325.46 
3322.51 
3319.53 
3316.52 
3313.47 
3310.38 
3307.26 
3304.1 
3300.91 
3297.67 
3294.4 
3291.08 
3287.73 
3284.33 
3280.9 
3277.42 
3273.9 
3270.34 
3266.74 
3263.09 
3259.4 
3255.67 
3251.9 
3248.08 
3244.22 
3240.32 
3236.37 
3232.38 
3228.35 
3224.27 
3220.15 
3215.99 
3211.79 
3207.54 
3203.26 
3198.93 
3194.56 
3190.15 
3185.7 
3181.2 
3176.67 
3172.1 
3167.49 
3162.84 
3158.16 
3153.43 
3148.67 
3143.88 
3139.04 
3134.17 
3129.27 
3124.34 
3119.36 
3114.36 
3109.33 
3104.26 
3099.16 
3094.03 
3088.88 
3083.69 
3078.47 
3073.23 
3067.96 
3062.67 
3057.35 
3052 
3046.63 
3041.24 
3035.82 
3030.38 
3024.93 
3019.45 
3013.95 
3008.43 
3002.89 
2997.33 
2991.76 
2986.17 
2980.56 
2974.94 
2969.3 
2963.65 
2957.98 
2952.3 
2946.61 
2940.91 
2935.19 
2929.46 
2923.73 
2917.98 
2912.22 
2906.45 
2900.68 
2894.89 
2889.1 
2883.3 
2877.49 
2871.68 
2865.86 
2860.03 
2854.19 
2848.35 
2842.51 
2836.66 
2830.8 
2824.94 
2819.07 
2813.2 
2807.32 
2801.44 
2795.56 
2789.67 
2783.78 
2777.88 
2771.98 
2766.07 
2760.16 
2754.25 
2748.33 
2742.4 
2736.48 
2730.55 
2724.61 
2718.67 
2712.72 
2706.77 
2700.81 
2694.85 
2688.89 
2682.91 
2676.94 
2670.95 
2664.96 
2658.96 
2652.96 
2646.95 
2640.93 
2634.91 
2628.88 
2622.84 
2616.79 
2610.73 
2604.67 
2598.59 
2592.51 
2586.41 
2580.31 
2574.2 
2568.08 
2561.94 
2555.8 
2549.64 
2543.47 
2537.3 
2531.11 
2524.9 
2518.69 
2512.46 
2506.22 
2499.97 
2493.71 
2487.43 
2481.14 
2474.83 
2468.51 
2462.18 
2455.83 
2449.47 
2443.1 
2436.71 
2430.31 
2423.89 
2417.46 
2411.02 
2404.56 
2398.09 
2391.6 
2385.1 
2378.59 
2372.06 
2365.52 
2358.96 
2352.39 
2345.81 
2339.22 
2332.62 
2326 
2319.37 
2312.73 
2306.08 
2299.42 
2292.75 
2286.07 
2279.38 
2272.68 
2265.97 
2259.26 
2252.53 
2245.81 
2239.07 
2232.33 
2225.59 
2218.84 
2212.09 
2205.34 
2198.59 
2191.83 
2185.08 
2178.33 
2171.58 
2164.83 
2158.08 
2151.35 
2144.61 
2137.89 
2131.17 
2124.46 
2117.76 
2111.07 
2104.4 
2097.73 
2091.09 
2084.46 
2077.84 
2071.25 
2064.67 
2058.11 
2051.58 
2045.07 
2038.58 
2032.12 
2025.69 
2019.29 
2012.92 
2006.57 
2000.27 
1993.99 
1987.75 
1981.55 
1975.39 
1969.27 
1963.19 
1957.15 
1951.15 
1945.2 
1939.3 
1933.45 
1927.65 
1921.9 
1916.2 
1910.55 
1904.96 
1899.43 
1893.96 
1888.55 
1883.2 
1877.91 
1872.68 
1867.52 
1862.43 
1857.4 
1852.45 
1847.56 
1842.74 
1838 
1833.33 
1828.74 
1824.22 
1819.79 
1815.42 
1811.14 
1806.94 
1802.82 
1798.78 
1794.83 
1790.95 
1787.17 
1783.47 
1779.85 
1776.32 
1772.88 
1769.53 
1766.27 
1763.09 
1760.01 
1757.01 
1754.11 
1751.3 
1748.58 
1745.95 
1743.41 
1740.96 
1738.61 
1736.35 
1734.18 
1732.1 
1730.11 
1728.22 
1726.42 
1724.71 
1723.09 
1721.56 
1720.12 
1718.78 
1717.52 
1716.35 
1715.27 
1714.28 
1713.38 
1712.57 
1711.84 
1711.19 
1710.64 
1710.16 
1709.77 
1709.46 
1709.24 
1709.09 
1709.03 
1709.04 
1709.13 
1709.3 
1709.54 
1709.86 
1710.25 
1710.71 
1711.24 
1711.85 
1712.52 
1713.26 
1714.07 
1714.94 
1715.87 
1716.87 
1717.93 
1719.04 
1720.22 
1721.45 
1722.74 
1724.08 
1725.48 
1726.92 
1728.42 
1729.97 
1731.56 
1733.2 
1734.89 
1736.61 
1738.38 
1740.19 
1742.04 
1743.93 
1745.85 
1747.81 
1749.8 
1751.83 
1753.88 
1755.97 
1758.08 
1760.22 
1762.39 
1764.58 
1766.8 
1769.03 
1771.29 
1773.57 
1775.87 
1778.18 
1780.51 
1782.85 
1785.21 
1787.58 
1789.96 
1792.35 
1794.75 
1797.16 
1799.58 
1802 
1804.43 
1806.86 
1809.3 
1811.73 
1814.17 
1816.61 
1819.05 
1821.48 
1823.92 
1826.35 
1828.77 
1831.19 
1833.61 
1836.01 
1838.42 
1840.81 
1843.19 
1845.57 
1847.93 
1850.28 
1852.62 
1854.95 
1857.27 
1859.57 
1861.86 
1864.13 
1866.39 
1868.63 
1870.86 
1873.07 
1875.26 
1877.43 
1879.59 
1881.72 
1883.84 
1885.94 
1888.02 
1890.07 
1892.11 
1894.12 
1896.11 
1898.09 
1900.03 
1901.96 
1903.86 
1905.74 
1907.6 
1909.43 
1911.24 
1913.02 
1914.78 
1916.52 
1918.23 
1919.91 
1921.57 
1923.2 
1924.81 
1926.4 
1927.95 
1929.48 
1930.99 
1932.46 
1933.92 
1935.34 
1936.74 
1938.11 
1939.46 
1940.77 
1942.07 
1943.33 
1944.57 
1945.78 
1946.96 
1948.12 
1949.25 
1950.35 
1951.43 
1952.47 
1953.5 
1954.49 
1955.46 
1956.4 
1957.31 
1958.2 
1959.06 
1959.9 
1960.7 
1961.48 
1962.24 
1962.97 
1963.67 
1964.35 
1965 
1965.62 
1966.22 
1966.79 
1967.34 
1967.86 
1968.36 
1968.83 
1969.27 
1969.7 
1970.09 
1970.46 
1970.81 
1971.13 
1971.43 
1971.71 
1971.96 
1972.19 
1972.39 
1972.57 
1972.73 
1972.86 
1972.97 
1973.06 
1973.13 
1973.17 
1973.2 
1973.2 
1973.18 
1973.13 
1973.07 
1972.99 
1972.88 
1972.75 
1972.61 
1972.44 
1972.25 
1972.05 
1971.82 
1971.57 
1971.31 
1971.02 
1970.72 
1970.4 
1970.06 
1969.7 
1969.33 
1968.93 
1968.52 
1968.09 
1967.65 
1967.19 
1966.71 
1966.21 
1965.7 
1965.18 
1964.64 
1964.08 
1963.51 
1962.92 
1962.32 
1961.7 
1961.07 
1960.43 
1959.77 
1959.1 
1958.41 
1957.72 
1957 
1956.28 
1955.55 
1954.8 
1954.04 
1953.27 
1952.49 
1951.69 
1950.89 
1950.07 
1949.25 
1948.41 
1947.57 
1946.71 
1945.85 
1944.97 
1944.09 
1943.2 
1942.3 
1941.39 
1940.48 
1939.55 
1938.62 
1937.68 
1936.73 
1935.78 
1934.82 
1933.85 
1932.88 
1931.9 
1930.91 
1929.92 
1928.93 
1927.92 
1926.92 
1925.91 
1924.89 
1923.87 
1922.84 
1921.82 
1920.78 
1919.75 
1918.71 
1917.66 
1916.62 
1915.57 
1914.52 
1913.46 
1912.41 
1911.35 
1910.29 
1909.23 
1908.17 
1907.1 
1906.04 
1904.97 
1903.9 
1902.83 
1901.76 
1900.69 
1899.62 
1898.55 
1897.48 
1896.41 
1895.34 
1894.27 
1893.21 
1892.14 
1891.07 
1890 
1888.94 
1887.87 
1886.81 
1885.75 
1884.69 
1883.63 
1882.57 
1881.52 
1880.46 
1879.41 
1878.36 
1877.31 
1876.27 
1875.22 
1874.18 
1873.14 
1872.1 
1871.07 
1870.03 
1869 
1867.97 
1866.95 
1865.92 
1864.9 
1863.88 
1862.86 
1861.85 
1860.83 
1859.82 
1858.81 
1857.81 
1856.8 
1855.8 
1854.8 
1853.8 
1852.8 
1851.8 
1850.81 
1849.82 
1848.82 
1847.83 
1846.84 
1845.86 
1844.87 
1843.88 
1842.9 
1841.91 
1840.93 
1839.94 
1838.96 
1837.98 
1836.99 
1836.01 
1835.02 
1834.03 
1833.05 
1832.06 
1831.07 
1830.08 
1829.08 
1828.09 
1827.09 
1826.09 
1825.09 
1824.08 
1823.07 
1822.06 
1821.04 
1820.02 
1818.99 
1817.96 
1816.93 
1815.89 
1814.84 
1813.79 
1812.73 
1811.66 
1810.59 
1809.51 
1808.42 
1807.32 
1806.22 
1805.11 
1803.99 
1802.86 
1801.72 
1800.57 
1799.41 
1798.24 
1797.05 
1795.86 
1794.65 
1793.44 
1792.21 
1790.96 
1789.71 
1788.44 
1787.15 
1785.86 
1784.54 
1783.21 
1781.87 
1780.51 
1779.13 
1777.74 
1776.33 
1774.9 
1773.46 
1771.99 
1770.51 
1769.01 
1767.49 
1765.94 
1764.38 
1762.8 
1761.19 
1759.57 
1757.92 
1756.25 
1754.56 
1752.84 
1751.1 
1749.34 
1747.55 
1745.74 
1743.9 
1742.03 
1740.14 
1738.23 
1736.29 
1734.32 
1732.32 
1730.3 
1728.24 
1726.16 
1724.05 
1721.91 
1719.75 
1717.55 
1715.32 
1713.06 
1710.77 
1708.45 
1706.1 
1703.71 
1701.29 
1698.84 
1696.36 
1693.85 
1691.3 
1688.72 
1686.1 
1683.45 
1680.76 
1678.04 
1675.29 
1672.5 
1669.67 
1666.81 
1663.91 
1660.98 
1658 
1654.99 
1651.95 
1648.87 
1645.74 
1642.59 
1639.39 
1636.16 
1632.88 
1629.57 
1626.22 
1622.83 
1619.41 
1615.94 
1612.43 
1608.89 
1605.31 
1601.68 
1598.02 
1594.32 
1590.58 
1586.79 
1582.97 
1579.11 
1575.21 
1571.27 
1567.29 
1563.27 
1559.21 
1555.12 
1550.98 
1546.8 
1542.58 
1538.33 
1534.03 
1529.69 
1525.32 
1520.9 
1516.45 
1511.96 
1507.43 
1502.86 
1498.25 
1493.6 
1488.92 
1484.2 
1479.44 
1474.64 
1469.8 
1464.93 
1460.02 
1455.07 
1450.08 
1445.06 
1440.01 
1434.91 
1429.78 
1424.62 
1419.42 
1414.18 
1408.91 
1403.61 
1398.27 
1392.9 
1387.5 
1382.06 
1376.59 
1371.09 
1365.55 
1359.98 
1354.39 
1348.76 
1343.1 
1337.41 
1331.69 
1325.94 
1320.16 
1314.36 
1308.52 
1302.66 
1296.77 
1290.86 
1284.92 
1278.95 
1272.96 
1266.94 
1260.9 
1254.83 
1248.74 
1242.63 
1236.5 
1230.34 
1224.17 
1217.97 
1211.75 
1205.51 
1199.26 
1192.98 
1186.69 
1180.38 
1174.05 
1167.71 
1161.35 
1154.98 
1148.59 
1142.19 
1135.77 
1129.35 
1122.91 
1116.46 
1110 
1103.53 
1097.06 
1090.57 
1084.08 
1077.58 
1071.07 
1064.56 
1058.05 
1051.53 
1045.01 
1038.49 
1031.96 
1025.43 
1018.91 
1012.38 
1005.86 
999.34 
992.823 
986.31 
979.802 
973.299 
966.804 
960.316 
953.836 
947.366 
940.905 
934.456 
928.019 
921.595 
915.184 
908.788 
902.408 
896.045 
889.699 
883.371 
877.063 
870.776 
864.51 
858.267 
852.047 
845.852 
839.683 
833.541 
827.426 
821.34 
815.284 
809.259 
803.267 
797.308 
791.383 
785.494 
779.642 
773.828 
768.054 
762.32 
756.627 
750.978 
745.373 
739.813 
734.3 
728.835 
723.42 
718.055 
712.742 
707.483 
702.279 
697.13 
692.039 
687.007 
682.035 
677.125 
672.278 
667.496 
662.78 
658.131 
653.55 
649.041 
644.602 
640.238 
635.947 
631.733 
627.597 
623.539 
619.562 
615.666 
611.854 
608.127 
604.486 
600.932 
597.467 
594.092 
590.808 
587.617 
584.521 
581.519 
578.614 
575.806 
573.098 
570.489 
567.981 
565.574 
563.271 
561.071 
558.976 
556.987 
555.103 
553.326 
551.657 
550.096 
548.643 
547.299 
546.064 
544.938 
543.923 
543.017 
542.222 
541.536 
540.96 
540.494 
540.137 
539.89 
539.752 
539.722 
539.8 
539.985 
540.277 
540.676 
541.179 
541.787 
542.499 
543.313 
544.229 
545.246 
546.362 
547.576 
548.887 
550.295 
551.797 
553.393 
555.08 
556.858 
558.725 
560.681 
562.722 
564.848 
567.058 
569.35 
571.722 
574.173 
576.701 
579.306 
581.984 
584.735 
587.558 
590.45 
593.41 
596.437 
599.53 
602.686 
605.904 
609.183 
612.521 
615.917 
619.369 
622.877 
626.438 
630.051 
633.715 
637.429 
641.191 
645 
648.855 
652.755 
656.697 
660.682 
664.707 
668.772 
672.876 
677.017 
681.195 
685.407 
689.654 
693.935 
698.247 
702.591 
706.965 
711.368 
715.8 
720.259 
724.744 
729.256 
733.792 
738.353 
742.936 
747.543 
752.171 
756.819 
761.488 
766.177 
770.884 
775.61 
780.353 
785.113 
789.889 
794.68 
799.486 
804.307 
809.141 
813.989 
818.849 
823.721 
828.605 
833.5 
838.405 
843.32 
848.245 
853.179 
858.121 
863.071 
868.029 
872.995 
877.967 
882.946 
887.93 
892.92 
897.915 
902.916 
907.92 
912.929 
917.941 
922.957 
927.975 
932.997 
938.02 
943.046 
948.073 
953.101 
958.13 
963.16 
968.191 
973.221 
978.251 
983.281 
988.309 
993.336 
998.362 
1003.39 
1008.41 
1013.43 
1018.45 
1023.46 
1028.47 
1033.48 
1038.48 
1043.49 
1048.48 
1053.48 
1058.46 
1063.45 
1068.43 
1073.4 
1078.37 
1083.34 
1088.3 
1093.25 
1098.19 
1103.14 
1108.07 
1113 
1117.92 
1122.83 
1127.74 
1132.64 
1137.53 
1142.42 
1147.3 
1152.17 
1157.03 
1161.88 
1166.73 
1171.56 
1176.39 
1181.21 
1186.02 
1190.83 
1195.62 
1200.4 
1205.18 
1209.94 
1214.7 
1219.44 
1224.18 
1228.9 
1233.62 
1238.32 
1243.02 
1247.7 
1252.37 
1257.04 
1261.69 
1266.33 
1270.96 
1275.58 
1280.19 
1284.79 
1289.37 
1293.95 
1298.51 
1303.06 
1307.6 
1312.13 
1316.64 
1321.14 
1325.64 
1330.12 
1334.58 
1339.04 
1343.48 
1347.91 
1352.33 
1356.73 
1361.12 
1365.5 
1369.87 
1374.22 
1378.56 
1382.89 
1387.2 
1391.5 
1395.79 
1400.06 
1404.32 
1408.57 
1412.81 
1417.03 
1421.23 
1425.43 
1429.61 
1433.78 
1437.93 
1442.07 
1446.2 
1450.31 
1454.41 
1458.5 
1462.58 
1466.64 
1470.69 
1474.72 
1478.74 
1482.75 
1486.75 
1490.73 
1494.7 
1498.65 
1502.6 
1506.53 
1510.45 
1514.35 
1518.24 
1522.12 
1525.99 
1529.84 
1533.69 
1537.51 
1541.33 
1545.14 
1548.93 
1552.71 
1556.48 
1560.23 
1563.98 
1567.71 
1571.43 
1575.14 
1578.83 
1582.52 
1586.19 
1589.86 
1593.51 
1597.15 
1600.78 
1604.39 
1608 
1611.59 
1615.18 
1618.75 
1622.31 
1625.87 
1629.41 
1632.94 
1636.46 
1639.97 
1643.48 
1646.97 
1650.45 
1653.92 
1657.38 
1660.84 
1664.28 
1667.71 
1671.14 
1674.55 
1677.96 
1681.35 
1684.74 
1688.12 
1691.49 
1694.85 
1698.21 
1701.55 
1704.89 
1708.22 
1711.55 
1714.86 
1718.17 
1721.47 
1724.77 
1728.06 
1731.34 
1734.62 
1737.88 
1741.15 
1744.41 
1747.66 
1750.9 
1754.14 
1757.38 
1760.61 
1763.83 
1767.05 
1770.27 
1773.48 
1776.69 
1779.89 
1783.1 
1786.29 
1789.49 
1792.68 
1795.86 
1799.05 
1802.23 
1805.4 
1808.58 
1811.75 
1814.93 
1818.09 
1821.26 
1824.43 
1827.59 
1830.76 
1833.92 
1837.08 
1840.24 
1843.4 
1846.56 
1849.72 
1852.87 
1856.03 
1859.18 
1862.34 
1865.5 
1868.65 
1871.81 
1874.97 
1878.12 
1881.28 
1884.44 
1887.6 
1890.76 
1893.92 
1897.09 
1900.25 
1903.42 
1906.58 
1909.75 
1912.92 
1916.1 
1919.27 
1922.45 
1925.63 
1928.81 
1931.99 
1935.18 
1938.37 
1941.56 
1944.76 
1947.96 
1951.16 
1954.36 
1957.57 
1960.79 
1964 
1967.22 
1970.45 
1973.68 
1976.91 
1980.14 
1983.38 
1986.63 
1989.87 
1993.13 
1996.38 
1999.65 
2002.91 
2006.18 
2009.46 
2012.74 
2016.03 
2019.32 
2022.62 
2025.92 
2029.22 
2032.54 
2035.86 
2039.18 
2042.51 
2045.85 
2049.19 
2052.53 
2055.89 
2059.25 
2062.61 
2065.98 
2069.36 
2072.74 
2076.13 
2079.52 
2082.92 
2086.33 
2089.74 
2093.16 
2096.58 
2100 
2103.43 
2106.86 
2110.3 
2113.75 
2117.2 
2120.65 
2124.11 
2127.57 
2131.04 
2134.52 
2137.99 
2141.48 
2144.97 
2148.46 
2151.96 
2155.46 
2158.97 
2162.49 
2166.01 
2169.53 
2173.06 
2176.59 
2180.13 
2183.68 
2187.23 
2190.78 
2194.34 
2197.9 
2201.47 
2205.05 
2208.62 
2212.21 
2215.8 
2219.39 
2222.99 
2226.59 
2230.19 
2233.8 
2237.42 
2241.04 
2244.66 
2248.29 
2251.92 
2255.55 
2259.19 
2262.83 
2266.47 
2270.11 
2273.76 
2277.41 
2281.07 
2284.73 
2288.39 
2292.05 
2295.71 
2299.38 
2303.05 
2306.72 
2310.39 
2314.07 
2317.74 
2321.42 
2325.1 
2328.78 
2332.46 
2336.15 
2339.83 
2343.52 
2347.21 
2350.9 
2354.59 
2358.28 
2361.97 
2365.66 
2369.35 
2373.05 
2376.74 
2380.43 
2384.13 
2387.82 
2391.51 
2395.21 
2398.9 
2402.59 
2406.28 
2409.97 
2413.66 
2417.35 
2421.04 
2424.73 
2428.41 
2432.1 
2435.78 
2439.46 
2443.14 
2446.81 
2450.48 
2454.15 
2457.82 
2461.48 
2465.15 
2468.8 
2472.46 
2476.11 
2479.76 
2483.4 
2487.04 
2490.67 
2494.3 
2497.93 
2501.55 
2505.17 
2508.78 
2512.38 
2515.98 
2519.58 
2523.17 
2526.75 
2530.33 
2533.9 
2537.46 
2541.02 
2544.57 
2548.11 
2551.65 
2555.18 
2558.7 
2562.21 
2565.72 
2569.22 
2572.71 
2576.19 
2579.66 
2583.13 
2586.58 
2590.03 
2593.47 
2596.9 
2600.31 
2603.72 
2607.12 
2610.51 
2613.89 
2617.26 
2620.61 
2623.96 
2627.29 
2630.62 
2633.93 
2637.22 
2640.51 
2643.78 
2647.04 
2650.29 
2653.52 
2656.74 
2659.95 
2663.14 
2666.32 
2669.48 
2672.63 
2675.76 
2678.88 
2681.99 
2685.07 
2688.15 
2691.2 
2694.25 
2697.27 
2700.28 
2703.28 
2706.25 
2709.21 
2712.15 
2715.08 
2717.98 
2720.87 
2723.74 
2726.6 
2729.43 
2732.25 
2735.05 
2737.83 
2740.59 
2743.33 
2746.05 
2748.76 
2751.44 
2754.11 
2756.75 
2759.38 
2761.98 
2764.57 
2767.13 
2769.68 
2772.2 
2774.7 
2777.19 
2779.65 
2782.09 
2784.51 
2786.91 
2789.28 
2791.64 
2793.97 
2796.28 
2798.57 
2800.84 
2803.09 
2805.31 
2807.51 
2809.68 
2811.83 
2813.96 
2816.07 
2818.15 
2820.21 
2822.25 
2824.26 
2826.25 
2828.21 
2830.15 
2832.07 
2833.96 
2835.83 
2837.67 
2839.49 
2841.28 
2843.05 
2844.79 
2846.51 
2848.2 
2849.86 
2851.5 
2853.12 
2854.7 
2856.26 
2857.8 
2859.31 
2860.79 
2862.24 
2863.66 
2865.06 
2866.43 
2867.78 
2869.09 
2870.38 
2871.64 
2872.87 
2874.08 
2875.25 
2876.4 
2877.52 
2878.61 
2879.67 
2880.71 
2881.71 
2882.69 
2883.64 
2884.55 
2885.44 
2886.3 
2887.13 
2887.93 
2888.7 
2889.44 
2890.15 
2890.83 
2891.48 
2892.1 
2892.69 
2893.25 
2893.78 
2894.28 
2894.74 
2895.18 
2895.58 
2895.96 
2896.3 
2896.6 
2896.88 
2897.13 
2897.34 
2897.52 
2897.67 
2897.78 
2897.87 
2897.92 
2897.94 
2897.92 
2897.88 
2897.8 
2897.69 
2897.54 
2897.37 
2897.16 
2896.91 
2896.64 
2896.33 
2895.98 
2895.61 
2895.2 
2894.75 
2894.28 
2893.77 
2893.22 
2892.64 
2892.03 
2891.39 
2890.71 
2889.99 
2889.25 
2888.46 
2887.65 
2886.8 
2885.91 
2884.99 
2884.04 
2883.05 
2882.03 
2880.97 
2879.88 
2878.75 
2877.59 
2876.39 
2875.16 
2873.89 
2872.59 
2871.25 
2869.87 
2868.46 
2867.02 
2865.53 
2864.01 
2862.46 
2860.87 
2859.24 
2857.58 
2855.88 
2854.15 
2852.38 
2850.57 
2848.73 
2846.85 
2844.94 
2842.99 
2841 
2838.98 
2836.92 
2834.83 
2832.69 
2830.53 
2828.33 
2826.09 
2823.81 
2821.5 
2819.15 
2816.77 
2814.35 
2811.9 
2809.41 
2806.88 
2804.32 
2801.72 
2799.08 
2796.41 
2793.7 
2790.95 
2788.17 
2785.35 
2782.5 
2779.61 
2776.68 
2773.72 
2770.72 
2767.68 
2764.61 
2761.5 
2758.35 
2755.17 
2751.95 
2748.69 
2745.4 
2742.07 
2738.71 
2735.31 
2731.87 
2728.4 
2724.89 
2721.34 
2717.75 
2714.13 
2710.47 
2706.78 
2703.05 
2699.28 
2695.47 
2691.63 
2687.75 
2683.83 
2679.88 
2675.89 
2671.86 
2667.8 
2663.7 
2659.56 
2655.39 
2651.18 
2646.93 
2642.65 
2638.33 
2633.97 
2629.58 
2625.15 
2620.69 
2616.19 
2611.65 
2607.07 
2602.47 
2597.82 
2593.14 
2588.42 
2583.67 
2578.89 
2574.07 
2569.21 
2564.32 
2559.39 
2554.43 
2549.44 
2544.4 
2539.34 
2534.24 
2529.11 
2523.94 
2518.74 
2513.5 
2508.23 
2502.93 
2497.6 
2492.23 
2486.83 
2481.39 
2475.92 
2470.42 
2464.89 
2459.33 
2453.73 
2448.1 
2442.44 
2436.75 
2431.03 
2425.27 
2419.48 
2413.66 
2407.81 
2401.93 
2396.02 
2390.08 
2384.11 
2378.11 
2372.08 
2366.02 
2359.93 
2353.81 
2347.66 
2341.48 
2335.27 
2329.04 
2322.77 
2316.48 
2310.16 
2303.81 
2297.44 
2291.04 
2284.61 
2278.15 
2271.67 
2265.16 
2258.63 
2252.07 
2245.48 
2238.87 
2232.23 
2225.57 
2218.88 
2212.16 
2205.43 
2198.66 
2191.88 
2185.06 
2178.23 
2171.37 
2164.49 
2157.59 
2150.66 
2143.71 
2136.74 
2129.74 
2122.73 
2115.69 
2108.64 
2101.56 
2094.46 
2087.34 
2080.2 
2073.04 
2065.86 
2058.66 
2051.44 
2044.2 
2036.95 
2029.68 
2022.38 
2015.07 
2007.75 
2000.4 
1993.04 
1985.66 
1978.27 
1970.86 
1963.43 
1955.99 
1948.53 
1941.06 
1933.57 
1926.06 
1918.55 
1911.01 
1903.47 
1895.91 
1888.33 
1880.74 
1873.14 
1865.53 
1857.9 
1850.26 
1842.61 
1834.95 
1827.27 
1819.59 
1811.89 
1804.19 
1796.47 
1788.74 
1781 
1773.26 
1765.5 
1757.74 
1749.96 
1742.18 
1734.39 
1726.6 
1718.79 
1710.98 
1703.16 
1695.34 
1687.5 
1679.67 
1671.82 
1663.98 
1656.12 
1648.26 
1640.4 
1632.53 
1624.66 
1616.79 
1608.91 
1601.03 
1593.14 
1585.26 
1577.37 
1569.48 
1561.58 
1553.69 
1545.79 
1537.9 
1530 
1522.1 
1514.21 
1506.31 
1498.41 
1490.52 
1482.63 
1474.73 
1466.84 
1458.96 
1451.07 
1443.19 
1435.31 
1427.43 
1419.56 
1411.69 
1403.82 
1395.96 
1388.1 
1380.25 
1372.4 
1364.56 
1356.72 
1348.89 
1341.07 
1333.25 
1325.44 
1317.64 
1309.84 
1302.06 
1294.28 
1286.5 
1278.74 
1270.99 
1263.24 
1255.5 
1247.78 
1240.06 
1232.36 
1224.66 
1216.98 
1209.31 
1201.64 
1194 
1186.36 
1178.74 
1171.13 
1163.53 
1155.94 
1148.38 
1140.82 
1133.28 
1125.75 
1118.24 
1110.75 
1103.27 
1095.81 
1088.36 
1080.93 
1073.52 
1066.12 
1058.75 
1051.39 
1044.05 
1036.73 
1029.43 
1022.14 
1014.88 
1007.64 
1000.41 
993.214 
986.034 
978.875 
971.739 
964.625 
957.533 
950.465 
943.42 
936.399 
929.402 
922.429 
915.482 
908.559 
901.663 
894.792 
887.948 
881.131 
874.341 
867.579 
860.845 
854.14 
847.463 
840.816 
834.199 
827.613 
821.056 
814.531 
808.038 
801.576 
795.147 
788.75 
782.387 
776.057 
769.762 
763.501 
757.275 
751.085 
744.932 
738.815 
732.735 
726.692 
720.688 
714.723 
708.797 
702.91 
697.064 
691.259 
685.495 
679.773 
674.094 
668.458 
662.866 
657.319 
651.817 
646.36 
640.951 
635.588 
630.273 
625.007 
619.79 
614.622 
609.506 
604.44 
599.427 
594.467 
589.56 
584.707 
579.91 
575.168 
570.483 
565.855 
561.286 
556.775 
552.323 
547.932 
543.603 
539.335 
535.13 
530.989 
526.912 
522.901 
518.955 
515.077 
511.266 
507.523 
503.85 
500.246 
496.714 
493.253 
489.864 
486.548 
483.306 
480.138 
477.045 
474.028 
471.088 
468.224 
465.438 
462.731 
460.102 
457.553 
455.083 
452.694 
450.385 
448.158 
446.013 
443.949 
441.967 
440.068 
438.252 
436.519 
434.868 
433.301 
431.817 
430.416 
429.098 
427.862 
426.71 
425.641 
424.653 
423.748 
422.924 
422.181 
421.519 
420.937 
420.435 
420.012 
419.668 
419.401 
419.212 
419.098 
419.061 
419.098 
419.208 
419.392 
419.647 
419.973 
420.37 
420.835 
421.367 
421.967 
422.632 
423.361 
424.154 
425.009 
425.925 
426.9 
427.934 
429.026 
430.173 
431.375 
432.631 
433.939 
435.298 
436.707 
438.164 
439.669 
441.22 
442.816 
444.456 
446.138 
447.861 
449.624 
451.426 
453.266 
455.143 
457.055 
459.001 
460.98 
462.992 
465.034 
467.107 
469.208 
471.337 
473.494 
475.676 
477.883 
480.113 
482.367 
484.643 
486.94 
489.258 
491.594 
493.95 
496.323 
498.713 
501.119 
503.541 
505.977 
508.427 
510.89 
513.365 
515.852 
518.35 
520.859 
523.377 
525.905 
528.441 
530.984 
533.535 
536.093 
538.657 
541.227 
543.802 
546.381 
548.964 
551.551 
554.142 
556.734 
559.33 
561.926 
564.525 
567.124 
569.724 
572.324 
574.923 
577.523 
580.121 
582.718 
585.313 
587.906 
590.498 
593.086 
595.672 
598.254 
600.833 
603.409 
605.98 
608.547 
611.11 
613.668 
616.221 
618.768 
621.311 
623.847 
626.378 
628.903 
631.421 
633.933 
636.439 
638.937 
641.429 
643.914 
646.391 
648.861 
651.323 
653.777 
656.224 
658.663 
661.093 
663.515 
665.929 
668.335 
670.731 
673.119 
675.498 
677.869 
680.23 
682.582 
684.925 
687.259 
689.583 
691.898 
694.203 
696.499 
698.785 
701.061 
703.328 
705.585 
707.832 
710.069 
712.296 
714.513 
716.72 
718.917 
721.103 
723.28 
725.446 
727.602 
729.748 
731.883 
734.008 
736.123 
738.227 
740.321 
742.405 
744.478 
746.54 
748.593 
750.634 
752.666 
754.686 
756.697 
758.697 
760.686 
762.665 
764.633 
766.591 
768.539 
770.476 
772.402 
774.319 
776.224 
778.12 
780.005 
781.879 
783.743 
785.597 
787.441 
789.274 
791.097 
792.909 
794.711 
796.504 
798.286 
800.057 
801.819 
803.57 
805.312 
807.043 
808.764 
810.475 
812.177 
813.868 
815.549 
817.221 
818.883 
820.534 
822.176 
823.809 
825.431 
827.044 
828.648 
830.241 
831.826 
833.4 
834.965 
836.521 
838.068 
839.605 
841.132 
842.651 
844.16 
845.66 
847.151 
848.633 
850.105 
851.569 
853.024 
854.47 
855.907 
857.335 
858.754 
860.165 
861.567 
862.96 
864.345 
865.721 
867.089 
868.448 
869.799 
871.141 
872.476 
873.802 
875.119 
876.429 
877.73 
879.024 
880.309 
881.587 
882.856 
884.118 
885.371 
886.617 
887.856 
889.086 
890.309 
891.525 
892.733 
893.933 
895.126 
896.312 
897.49 
898.661 
899.825 
900.982 
902.131 
903.274 
904.409 
905.537 
906.659 
907.773 
908.881 
909.982 
911.076 
912.164 
913.244 
914.319 
915.386 
916.448 
917.502 
918.551 
919.593 
920.628 
921.657 
922.681 
923.697 
924.708 
925.713 
926.712 
927.704 
928.691 
929.672 
930.646 
931.615 
932.579 
933.536 
934.488 
935.434 
936.375 
937.31 
938.24 
939.164 
940.082 
940.996 
941.903 
942.806 
943.703 
944.595 
945.482 
946.364 
947.241 
948.112 
948.979 
949.841 
950.697 
951.549 
952.396 
953.238 
954.075 
954.908 
955.736 
956.559 
957.377 
958.191 
959.001 
959.805 
960.606 
961.402 
962.193 
962.98 
963.762 
964.541 
965.315 
966.084 
966.85 
967.611 
968.368 
969.121 
969.87 
970.614 
971.355 
972.092 
972.824 
973.553 
974.278 
974.999 
975.716 
976.429 
977.139 
977.845 
978.547 
979.245 
979.94 
980.631 
981.318 
982.002 
982.682 
983.359 
984.032 
984.702 
985.368 
986.031 
986.69 
987.346 
987.999 
988.649 
989.295 
989.938 
990.577 
991.214 
991.847 
992.477 
993.104 
993.727 
994.348 
994.965 
995.58 
996.191 
996.799 
997.404 
998.006 
998.606 
999.202 
999.795 
1000.39 
1000.97 
1001.56 
1002.14 
1002.72 
1003.29 
1003.87 
1004.44 
1005 
1005.57 
1006.13 
1006.69 
1007.24 
1007.8 
1008.35 
1008.89 
1009.44 
1009.98 
1010.52 
1011.06 
1011.59 
1012.12 
1012.65 
1013.18 
1013.7 
1014.22 
1014.74 
1015.26 
1015.77 
1016.28 
1016.79 
1017.29 
1017.8 
1018.3 
1018.79 
1019.29 
1019.78 
1020.27 
1020.76 
1021.25 
1021.73 
1022.21 
1022.69 
1023.16 
1023.64 
1024.11 
1024.57 
1025.04 
1025.5 
1025.96 
1026.42 
1026.88 
1027.33 
1027.78 
1028.23 
1028.67 
1029.12 
1029.56 
1029.99 
1030.43 
1030.86 
1031.29 
1031.72 
1032.15 
1032.57 
1032.99 
1033.41 
1033.83 
1034.24 
1034.65 
1035.06 
1035.47 
1035.87 
1036.27 
1036.67 
1037.07 
1037.46 
1037.86 
1038.24 
1038.63 
1039.02 
1039.4 
1039.78 
1040.15 
1040.53 
1040.9 
1041.27 
1041.64 
1042 
1042.36 
1042.72 
1043.08 
1043.43 
1043.79 
1044.13 
1044.48 
1044.82 
1045.17 
1045.51 
1045.84 
1046.17 
1046.51 
1046.83 
1047.16 
1047.48 
1047.8 
1048.12 
1048.44 
1048.75 
1049.06 
1049.36 
1049.67 
1049.97 
1050.27 
1050.56 
1050.86 
1051.15 
1051.44 
1051.72 
1052 
1052.28 
1052.56 
1052.83 
1053.1 
1053.37 
1053.63 
1053.89 
1054.15 
1054.41 
1054.66 
1054.91 
1055.16 
1055.4 
1055.64 
1055.88 
1056.11 
1056.34 
1056.57 
1056.8 
1057.02 
1057.24 
1057.46 
1057.67 
1057.88 
1058.08 
1058.29 
1058.49 
1058.68 
1058.88 
1059.07 
1059.25 
1059.44 
1059.62 
1059.79 
1059.97 
1060.14 
1060.31 
1060.47 
1060.63 
1060.79 
1060.94 
1061.09 
1061.24 
1061.38 
1061.52 
1061.65 
1061.79 
1061.92 
1062.04 
1062.16 
1062.28 
1062.4 
1062.51 
1062.61 
1062.71 
1062.81 
1062.91 
1063 
1063.09 
1063.17 
1063.25 
1063.33 
1063.4 
1063.47 
1063.53 
1063.59 
1063.65 
1063.7 
1063.75 
1063.79 
1063.83 
1063.86 
1063.89 
1063.92 
1063.94 
1063.96 
1063.98 
1063.99 
1063.99 
1064 
1063.99 
1063.99 
1063.97 
1063.96 
1063.94 
1063.91 
1063.88 
1063.85 
1063.81 
1063.77 
1063.72 
1063.67 
1063.62 
1063.56 
1063.49 
1063.42 
1063.35 
1063.27 
1063.19 
1063.1 
1063.01 
1062.91 
1062.81 
1062.7 
1062.59 
1062.47 
1062.35 
1062.22 
1062.09 
1061.96 
1061.82 
1061.67 
1061.52 
1061.37 
1061.21 
1061.04 
1060.87 
1060.7 
1060.52 
1060.33 
1060.14 
1059.95 
1059.75 
1059.54 
1059.33 
1059.12 
1058.9 
1058.67 
1058.44 
1058.21 
1057.97 
1057.72 
1057.47 
1057.22 
1056.95 
1056.69 
1056.42 
1056.14 
1055.86 
1055.57 
1055.28 
1054.98 
1054.68 
1054.37 
1054.06 
1053.74 
1053.41 
1053.08 
1052.75 
1052.41 
1052.06 
1051.71 
1051.36 
1050.99 
1050.63 
1050.25 
1049.87 
1049.49 
1049.1 
1048.71 
1048.31 
1047.9 
1047.49 
1047.07 
1046.65 
1046.22 
1045.79 
1045.35 
1044.91 
1044.46 
1044 
1043.54 
1043.07 
1042.6 
1042.12 
1041.64 
1041.15 
1040.65 
1040.15 
1039.64 
1039.13 
1038.61 
1038.09 
1037.56 
1037.03 
1036.49 
1035.94 
1035.39 
1034.83 
1034.27 
1033.7 
1033.12 
1032.54 
1031.95 
1031.36 
1030.76 
1030.15 
1029.54 
1028.93 
1028.31 
1027.68 
1027.04 
1026.4 
1025.76 
1025.11 
1024.45 
1023.79 
1023.12 
1022.44 
1021.76 
1021.08 
1020.38 
1019.68 
1018.98 
1018.27 
1017.55 
1016.83 
1016.1 
1015.37 
1014.63 
1013.89 
1013.14 
1012.38 
1011.62 
1010.85 
1010.07 
1009.29 
1008.51 
1007.72 
1006.92 
1006.12 
1005.31 
1004.5 
1003.68 
1002.85 
1002.02 
1001.18 
1000.34 
999.494 
998.641 
997.782 
996.918 
996.048 
995.172 
994.291 
993.405 
992.512 
991.615 
990.712 
989.803 
988.889 
987.97 
987.045 
986.115 
985.179 
984.238 
983.292 
982.34 
981.383 
980.421 
979.453 
978.48 
977.502 
976.519 
975.53 
974.536 
973.537 
972.533 
971.523 
970.509 
969.489 
968.464 
967.434 
966.399 
965.359 
964.314 
963.264 
962.209 
961.148 
960.083 
959.013 
957.938 
956.858 
955.773 
954.683 
953.588 
952.489 
951.384 
950.275 
949.161 
948.042 
946.918 
945.79 
944.657 
943.519 
942.376 
941.229 
940.078 
938.921 
937.76 
936.595 
935.425 
934.25 
933.071 
931.887 
930.699 
929.507 
928.31 
927.109 
925.903 
924.693 
923.479 
922.261 
921.038 
919.811 
918.58 
917.344 
916.105 
914.861 
913.614 
912.362 
911.106 
909.846 
908.583 
907.315 
906.043 
904.768 
903.488 
902.205 
900.918 
899.627 
898.332 
897.033 
895.731 
894.425 
893.115 
891.801 
890.484 
889.163 
887.839 
886.511 
885.179 
883.844 
882.505 
881.163 
879.818 
878.469 
877.117 
875.762 
874.403 
873.041 
871.676 
870.308 
868.936 
867.561 
866.184 
864.803 
863.419 
862.032 
860.643 
859.25 
857.854 
856.456 
855.055 
853.651 
852.244 
850.835 
849.422 
848.007 
846.59 
845.17 
843.747 
842.322 
840.894 
839.464 
838.032 
836.597 
835.159 
833.719 
832.277 
830.833 
829.387 
827.938 
826.487 
825.034 
823.579 
822.121 
820.662 
819.201 
817.737 
816.272 
814.805 
813.336 
811.865 
810.392 
808.917 
807.441 
805.963 
804.483 
803.002 
801.519 
800.034 
798.548 
797.06 
795.571 
794.08 
792.588 
791.094 
789.599 
788.103 
786.605 
785.106 
783.606 
782.105 
780.602 
779.098 
777.593 
776.087 
774.58 
773.072 
771.563 
770.053 
768.542 
767.03 
765.517 
764.003 
762.489 
760.973 
759.457 
757.94 
756.423 
754.905 
753.386 
751.866 
750.346 
748.825 
747.304 
745.783 
744.26 
742.738 
741.215 
739.692 
738.168 
736.644 
735.119 
733.595 
732.07 
730.545 
729.02 
727.494 
725.969 
724.443 
722.917 
721.392 
719.866 
718.34 
716.814 
715.289 
713.763 
712.237 
710.712 
709.187 
707.662 
706.137 
704.612 
703.088 
701.563 
700.04 
698.516 
696.993 
695.47 
693.948 
692.426 
690.905 
689.384 
687.864 
686.344 
684.825 
683.307 
681.789 
680.271 
678.755 
677.239 
675.723 
674.209 
672.695 
671.182 
669.67 
668.159 
666.648 
665.138 
663.63 
662.122 
660.615 
659.109 
657.604 
656.1 
654.597 
653.095 
651.595 
650.095 
648.596 
647.099 
645.603 
644.108 
642.614 
641.121 
639.63 
638.14 
636.651 
635.164 
633.678 
632.193 
630.71 
629.228 
627.748 
626.269 
624.792 
623.316 
621.841 
620.368 
618.897 
617.427 
615.959 
614.493 
613.028 
611.565 
610.103 
608.643 
607.185 
605.729 
604.274 
602.821 
601.37 
599.921 
598.474 
597.028 
595.584 
594.142 
592.702 
591.264 
589.828 
588.393 
586.961 
585.531 
584.102 
582.676 
581.252 
579.829 
578.409 
576.991 
575.575 
574.161 
572.75 
571.34 
569.933 
568.527 
567.124 
565.724 
564.325 
562.929 
561.535 
560.143 
558.754 
557.367 
555.982 
554.599 
553.219 
551.842 
550.467 
549.094 
547.723 
546.355 
544.99 
543.627 
542.266 
540.908 
539.553 
538.2 
536.85 
535.502 
534.157 
532.814 
531.474 
530.136 
528.802 
527.469 
526.14 
524.813 
523.489 
522.168 
520.849 
519.533 
518.22 
516.909 
515.602 
514.297 
512.995 
511.695 
510.399 
509.105 
507.815 
506.527 
505.242 
503.959 
502.68 
501.404 
500.13 
498.86 
497.592 
496.328 
495.066 
493.808 
492.552 
491.3 
490.05 
488.803 
487.56 
486.32 
485.082 
483.848 
482.617 
481.389 
480.164 
478.942 
477.724 
476.508 
475.296 
474.087 
472.881 
471.678 
470.479 
469.283 
468.09 
466.9 
465.713 
464.53 
463.35 
462.174 
461 
459.83 
458.664 
457.5 
456.341 
455.184 
454.031 
452.881 
451.735 
450.592 
449.452 
448.316 
447.184 
446.054 
444.929 
443.807 
442.688 
441.573 
440.461 
439.353 
438.248 
437.147 
436.05 
434.956 
433.866 
432.779 
431.696 
430.616 
429.54 
428.468 
427.4 
426.335 
425.274 
424.216 
423.162 
422.112 
421.066 
420.023 
418.984 
417.949 
416.918 
415.89 
414.866 
413.846 
412.83 
411.818 
410.809 
409.805 
408.804 
407.807 
406.814 
405.825 
404.839 
403.858 
402.88 
401.907 
400.937 
399.972 
399.01 
398.052 
397.098 
396.149 
395.203 
394.261 
393.323 
392.39 
391.46 
390.534 
389.613 
388.695 
387.782 
386.873 
385.967 
385.066 
384.169 
383.277 
382.388 
381.503 
380.623 
379.747 
378.875 
378.007 
377.144 
376.284 
375.429 
374.578 
373.732 
372.889 
372.051 
371.217 
370.388 
369.563 
368.742 
367.925 
367.113 
366.305 
365.501 
364.702 
363.907 
363.117 
362.331 
361.549 
360.771 
359.999 
359.23 
358.466 
357.706 
356.951 
356.2 
355.454 
354.712 
353.974 
353.241 
352.513 
351.789 
351.07 
350.355 
349.644 
348.938 
348.237 
347.54 
346.848 
346.16 
345.476 
344.798 
344.124 
343.454 
342.789 
342.129 
341.473 
340.822 
340.175 
339.533 
338.896 
338.263 
337.635 
337.011 
336.392 
335.778 
335.168 
334.563 
333.963 
333.367 
332.776 
332.189 
331.608 
331.03 
330.458 
329.89 
329.327 
328.769 
328.215 
327.666 
327.121 
326.581 
326.046 
325.516 
324.99 
324.469 
323.952 
323.441 
322.934 
322.431 
321.934 
321.441 
320.952 
320.469 
319.99 
319.515 
319.046 
318.581 
318.12 
317.665 
317.214 
316.768 
316.326 
315.889 
315.457 
315.029 
314.606 
314.187 
313.774 
313.365 
312.96 
312.56 
312.165 
311.774 
311.388 
311.007 
310.63 
310.258 
309.89 
309.527 
309.169 
308.815 
308.466 
308.121 
307.781 
307.445 
307.114 
306.787 
306.465 
306.147 
305.834 
305.525 
305.221 
304.922 
304.626 
304.336 
304.049 
303.767 
303.49 
303.217 
302.948 
302.684 
302.424 
302.168 
301.917 
301.67 
301.427 
301.189 
300.955 
300.725 
300.5 
300.279 
300.062 
299.849 
299.641 
299.436 
299.236 
299.04 
298.849 
298.661 
298.478 
298.298 
298.123 
297.952 
297.785 
297.622 
297.463 
297.308 
297.157 
297.01 
296.867 
296.728 
296.593 
296.462 
296.335 
296.212 
296.092 
295.977 
295.865 
295.757 
295.653 
295.553 
295.457 
295.364 
295.275 
295.19 
295.108 
295.031 
294.956 
294.886 
294.819 
294.756 
294.696 
294.64 
294.588 
294.539 
294.493 
294.451 
294.413 
294.378 
294.346 
294.318 
294.293 
294.272 
294.254 
294.239 
294.228 
294.22 
294.215 
294.214 
294.216 
294.221 
294.229 
294.24 
294.255 
294.273 
294.293 
294.317 
294.344 
294.374 
294.408 
294.444 
294.483 
294.525 
294.57 
294.618 
294.669 
294.723 
294.78 
294.839 
294.902 
294.967 
295.035 
295.106 
295.179 
295.255 
295.334 
295.415 
295.499 
295.586 
295.675 
295.767 
295.861 
295.958 
296.058 
296.16 
296.264 
296.371 
296.48 
296.592 
296.706 
296.823 
296.942 
297.063 
297.187 
297.313 
297.441 
297.571 
297.704 
297.839 
297.976 
298.115 
298.257 
298.4 
298.546 
298.694 
298.844 
298.996 
299.15 
299.306 
299.464 
299.624 
299.786 
299.95 
300.116 
300.284 
300.454 
300.625 
300.799 
300.974 
301.151 
301.33 
301.511 
301.694 
301.878 
302.064 
302.252 
302.442 
302.633 
302.826 
303.021 
303.217 
303.415 
303.615 
303.816 
304.019 
304.223 
304.429 
304.637 
304.846 
305.057 
305.269 
305.482 
305.697 
305.914 
306.132 
306.352 
306.572 
306.795 
307.018 
307.244 
307.47 
307.698 
307.927 
308.158 
308.39 
308.623 
308.857 
309.093 
309.33 
309.568 
309.808 
310.049 
310.291 
310.534 
310.779 
311.024 
311.271 
311.519 
311.768 
312.018 
312.27 
312.522 
312.775 
313.03 
313.285 
313.541 
313.799 
314.057 
314.317 
314.577 
314.838 
315.101 
315.364 
315.628 
315.894 
316.16 
316.427 
316.695 
316.964 
317.234 
317.504 
317.776 
318.049 
318.322 
318.596 
318.872 
319.148 
319.425 
319.702 
319.981 
320.261 
320.541 
320.822 
321.104 
321.387 
321.671 
321.956 
322.241 
322.527 
322.814 
323.102 
323.391 
323.68 
323.97 
324.261 
324.552 
324.844 
325.137 
325.431 
325.725 
326.02 
326.316 
326.612 
326.909 
327.207 
327.505 
327.805 
328.104 
328.405 
328.706 
329.008 
329.31 
329.613 
329.917 
330.221 
330.526 
330.832 
331.138 
331.445 
331.753 
332.061 
332.369 
332.679 
332.988 
333.299 
333.61 
333.922 
334.234 
334.547 
334.86 
335.174 
335.489 
335.804 
336.12 
336.436 
336.753 
337.071 
337.389 
337.708 
338.028 
338.348 
338.668 
338.99 
339.312 
339.634 
339.957 
340.281 
340.605 
340.93 
341.256 
341.582 
341.908 
342.236 
342.564 
342.892 
343.222 
343.551 
343.882 
344.213 
344.545 
344.877 
345.21 
345.543 
345.877 
346.212 
346.547 
346.882 
347.219 
347.555 
347.893 
348.231 
348.569 
348.908 
349.248 
349.588 
349.929 
350.271 
350.613 
350.956 
351.3 
351.644 
351.989 
352.334 
352.68 
353.027 
353.375 
353.723 
354.072 
354.421 
354.771 
355.122 
355.474 
355.826 
356.179 
356.532 
356.887 
357.242 
357.598 
357.954 
358.311 
358.669 
359.028 
359.387 
359.748 
360.109 
360.47 
360.833 
361.196 
361.559 
361.923 
362.288 
362.654 
363.02 
363.387 
363.755 
364.123 
364.491 
364.86 
365.23 
365.6 
365.971 
366.342 
366.714 
367.087 
367.46 
367.833 
368.207 
368.581 
368.956 
369.332 
369.708 
370.084 
370.461 
370.838 
371.216 
371.595 
371.974 
372.354 
372.735 
373.116 
373.497 
373.88 
374.263 
374.646 
375.03 
375.415 
375.801 
376.187 
376.574 
376.962 
377.35 
377.74 
378.129 
378.52 
378.911 
379.304 
379.697 
380.09 
380.485 
380.88 
381.276 
381.673 
382.07 
382.468 
382.867 
383.266 
383.666 
384.066 
384.467 
384.868 
385.269 
385.672 
386.074 
386.477 
386.881 
387.285 
387.69 
388.096 
388.502 
388.908 
389.316 
389.724 
390.132 
390.541 
390.951 
391.362 
391.773 
392.185 
392.598 
393.012 
393.426 
393.842 
394.258 
394.674 
395.092 
395.511 
395.93 
396.35 
396.771 
397.194 
397.617 
398.04 
398.465 
398.891 
399.318 
399.745 
400.174 
400.604 
401.034 
401.466 
401.898 
402.332 
402.767 
403.202 
403.639 
404.077 
404.515 
404.955 
405.396 
405.838 
406.28 
406.724 
407.169 
407.616 
408.063 
408.511 
408.959 
409.408 
409.858 
410.309 
410.76 
411.212 
411.665 
412.118 
412.573 
413.028 
413.483 
413.94 
414.397 
414.855 
415.314 
415.773 
416.233 
416.694 
417.156 
417.619 
418.083 
418.547 
419.012 
419.478 
419.945 
420.413 
420.882 
421.351 
421.822 
422.293 
422.765 
423.239 
423.713 
424.188 
424.664 
425.141 
425.619 
426.097 
426.577 
427.058 
427.54 
428.022 
428.506 
428.991 
429.476 
429.963 
430.451 
430.939 
431.429 
431.92 
432.411 
432.904 
433.398 
433.892 
434.388 
434.885 
435.382 
435.881 
436.381 
436.881 
437.383 
437.886 
438.39 
438.895 
439.401 
439.908 
440.416 
440.925 
441.434 
441.945 
442.457 
442.97 
443.484 
443.998 
444.513 
445.03 
445.547 
446.065 
446.584 
447.104 
447.625 
448.147 
448.67 
449.193 
449.718 
450.244 
450.77 
451.298 
451.826 
452.355 
452.886 
453.417 
453.949 
454.482 
455.016 
455.551 
456.087 
456.624 
457.162 
457.7 
458.24 
458.78 
459.321 
459.863 
460.406 
460.949 
461.493 
462.037 
462.583 
463.128 
463.675 
464.222 
464.77 
465.319 
465.868 
466.418 
466.969 
467.52 
468.071 
468.623 
469.176 
469.729 
470.282 
470.836 
471.391 
471.946 
472.502 
473.058 
473.614 
474.172 
474.729 
475.288 
475.846 
476.406 
476.966 
477.526 
478.087 
478.649 
479.211 
479.774 
480.337 
480.9 
481.464 
482.029 
482.594 
483.159 
483.725 
484.291 
484.858 
485.426 
485.993 
486.562 
487.131 
487.7 
488.27 
488.84 
489.411 
489.982 
490.554 
491.126 
491.699 
492.273 
492.847 
493.422 
493.997 
494.572 
495.149 
495.725 
496.303 
496.881 
497.459 
498.038 
498.618 
499.198 
499.778 
500.36 
500.941 
501.524 
502.106 
502.69 
503.274 
503.858 
504.443 
505.029 
505.615 
506.202 
506.789 
507.377 
507.965 
508.554 
509.143 
509.733 
510.323 
510.914 
511.505 
512.096 
512.688 
513.28 
513.872 
514.465 
515.058 
515.651 
516.245 
516.839 
517.433 
518.027 
518.622 
519.217 
519.813 
520.408 
521.004 
521.601 
522.197 
522.794 
523.391 
523.989 
524.587 
525.184 
525.782 
526.381 
526.979 
527.577 
528.175 
528.773 
529.371 
529.969 
530.566 
531.163 
531.76 
532.356 
532.952 
533.548 
534.144 
534.74 
535.335 
535.93 
536.525 
537.119 
537.713 
538.307 
538.901 
539.494 
540.086 
540.679 
541.27 
541.862 
542.453 
543.043 
543.632 
544.221 
544.81 
545.398 
545.985 
546.572 
547.158 
547.743 
548.328 
548.913 
549.497 
550.08 
550.663 
551.245 
551.827 
552.409 
552.99 
553.57 
554.15 
554.729 
555.308 
555.886 
556.463 
557.04 
557.616 
558.192 
558.767 
559.341 
559.914 
560.487 
561.059 
561.631 
562.201 
562.772 
563.341 
563.91 
564.478 
565.045 
565.612 
566.178 
566.743 
567.308 
567.871 
568.434 
568.996 
569.557 
570.117 
570.676 
571.233 
571.79 
572.345 
572.899 
573.452 
574.004 
574.554 
575.103 
575.651 
576.198 
576.744 
577.288 
577.831 
578.373 
578.913 
579.452 
579.989 
580.525 
581.059 
581.592 
582.122 
582.651 
583.178 
583.704 
584.227 
584.749 
585.269 
585.787 
586.304 
586.819 
587.332 
587.844 
588.354 
588.862 
589.369 
589.874 
590.378 
590.88 
591.381 
591.879 
592.377 
592.873 
593.367 
593.86 
594.352 
594.841 
595.329 
595.816 
596.301 
596.784 
597.266 
597.746 
598.224 
598.7 
599.174 
599.647 
600.118 
600.588 
601.055 
601.522 
601.986 
602.449 
602.91 
603.369 
603.827 
604.283 
604.738 
605.19 
605.641 
606.09 
606.537 
606.982 
607.425 
607.866 
608.305 
608.743 
609.179 
609.613 
610.045 
610.476 
610.904 
611.331 
611.756 
612.18 
612.602 
613.021 
613.44 
613.856 
614.27 
614.683 
615.094 
615.504 
615.911 
616.317 
616.72 
617.122 
617.522 
617.919 
618.315 
618.709 
619.102 
619.492 
619.881 
620.267 
620.653 
621.036 
621.418 
621.797 
622.175 
622.552 
622.926 
623.299 
623.67 
624.039 
624.407 
624.773 
625.137 
625.5 
625.861 
626.22 
626.578 
626.934 
627.288 
627.641 
627.992 
628.342 
628.69 
629.036 
629.381 
629.724 
630.065 
630.405 
630.743 
631.079 
631.414 
631.747 
632.078 
632.407 
632.735 
633.06 
633.384 
633.707 
634.028 
634.347 
634.664 
634.98 
635.294 
635.606 
635.917 
636.227 
636.534 
636.84 
637.144 
637.446 
637.746 
638.045 
638.341 
638.637 
638.93 
639.222 
639.512 
639.801 
640.088 
640.373 
640.657 
640.94 
641.22 
641.499 
641.777 
642.053 
642.328 
642.601 
642.873 
643.143 
643.412 
643.679 
643.945 
644.21 
644.473 
644.735 
644.995 
645.254 
645.511 
645.768 
646.023 
646.276 
646.528 
646.779 
647.028 
647.276 
647.522 
647.768 
648.011 
648.254 
648.495 
648.735 
648.973 
649.21 
649.446 
649.68 
649.914 
650.145 
650.376 
650.605 
650.833 
651.06 
651.285 
651.509 
651.732 
651.953 
652.173 
652.392 
652.609 
652.826 
653.041 
653.254 
653.467 
653.678 
653.888 
654.096 
654.303 
654.508 
654.712 
654.914 
655.115 
655.314 
655.512 
655.708 
655.902 
656.094 
656.286 
656.475 
656.663 
656.849 
657.034 
657.218 
657.4 
657.58 
657.759 
657.936 
658.112 
658.286 
658.459 
658.631 
658.8 
658.969 
659.135 
659.301 
659.465 
659.627 
659.788 
659.947 
660.105 
660.262 
660.417 
660.57 
660.722 
660.873 
661.022 
661.17 
661.317 
661.462 
661.605 
661.748 
661.888 
662.028 
662.166 
662.303 
662.438 
662.572 
662.705 
662.836 
662.966 
663.095 
663.223 
663.349 
663.474 
663.597 
663.719 
663.84 
663.96 
664.078 
664.195 
664.311 
664.425 
664.538 
664.65 
664.761 
664.87 
664.979 
665.086 
665.191 
665.296 
665.399 
665.501 
665.602 
665.701 
665.8 
665.897 
665.993 
666.087 
666.181 
666.273 
666.364 
666.454 
666.542 
666.629 
666.715 
666.8 
666.883 
666.966 
667.046 
667.126 
667.204 
667.28 
667.355 
667.428 
667.5 
667.57 
667.639 
667.706 
667.771 
667.835 
667.898 
667.958 
668.017 
668.075 
668.131 
668.185 
668.238 
668.29 
668.339 
668.388 
668.434 
668.48 
668.523 
668.566 
668.606 
668.646 
668.684 
668.72 
668.755 
668.789 
668.821 
668.852 
668.882 
668.91 
668.936 
668.962 
668.986 
669.008 
669.03 
669.05 
669.068 
669.085 
669.101 
669.116 
669.129 
669.141 
669.152 
669.161 
669.169 
669.176 
669.181 
669.186 
669.189 
669.19 
669.191 
669.19 
669.188 
669.184 
669.18 
669.174 
669.167 
669.159 
669.149 
669.139 
669.127 
669.114 
669.099 
669.084 
669.067 
669.049 
669.03 
669.009 
668.987 
668.964 
668.94 
668.915 
668.888 
668.86 
668.831 
668.801 
668.77 
668.737 
668.703 
668.667 
668.631 
668.593 
668.554 
668.514 
668.472 
668.429 
668.385 
668.34 
668.293 
668.246 
668.197 
668.146 
668.095 
668.042 
667.988 
667.933 
667.877 
667.819 
667.761 
667.701 
667.64 
667.577 
667.514 
667.449 
667.383 
667.316 
667.247 
667.178 
667.107 
667.035 
666.962 
666.888 
666.813 
666.737 
666.66 
666.582 
666.503 
666.424 
666.343 
666.262 
666.18 
666.097 
666.013 
665.929 
665.844 
665.758 
665.671 
665.583 
665.495 
665.406 
665.316 
665.225 
665.133 
665.041 
664.947 
664.853 
664.758 
664.662 
664.565 
664.468 
664.37 
664.271 
664.171 
664.071 
663.971 
663.869 
663.767 
663.665 
663.562 
663.459 
663.355 
663.25 
663.145 
663.039 
662.933 
662.826 
662.719 
662.611 
662.502 
662.393 
662.283 
662.173 
662.062 
661.95 
661.838 
661.725 
661.612 
661.497 
661.383 
661.267 
661.151 
661.035 
660.918 
660.801 
660.683 
660.565 
660.447 
660.328 
660.209 
660.089 
659.968 
659.847 
659.726 
659.604 
659.481 
659.358 
659.235 
659.11 
658.986 
658.86 
658.735 
658.608 
658.481 
658.353 
658.225 
658.096 
657.967 
657.837 
657.706 
657.575 
657.443 
657.31 
657.177 
657.043 
656.908 
656.773 
656.637 
656.501 
656.363 
656.226 
656.087 
655.948 
655.809 
655.668 
655.528 
655.386 
655.244 
655.102 
654.958 
654.815 
654.67 
654.525 
654.379 
654.233 
654.086 
653.939 
653.79 
653.641 
653.492 
653.342 
653.19 
653.038 
652.885 
652.731 
652.576 
652.421 
652.264 
652.106 
651.948 
651.789 
651.629 
651.468 
651.306 
651.144 
650.98 
650.816 
650.651 
650.485 
650.318 
650.15 
649.982 
649.812 
649.642 
649.471 
649.299 
649.127 
648.953 
648.779 
648.604 
648.427 
648.25 
648.072 
647.893 
647.714 
647.533 
647.351 
647.169 
646.986 
646.802 
646.618 
646.432 
646.246 
646.059 
645.871 
645.682 
645.493 
645.302 
645.111 
644.919 
644.726 
644.533 
644.338 
644.143 
643.947 
643.75 
643.553 
643.355 
643.156 
642.956 
642.755 
642.554 
642.352 
642.149 
641.946 
641.741 
641.536 
641.33 
641.124 
640.916 
640.708 
640.499 
640.29 
640.08 
639.868 
639.657 
639.444 
639.231 
639.017 
638.802 
638.586 
638.37 
638.153 
637.935 
637.716 
637.497 
637.276 
637.056 
636.834 
636.611 
636.388 
636.164 
635.94 
635.714 
635.488 
635.261 
635.034 
634.806 
634.577 
634.348 
634.118 
633.888 
633.657 
633.426 
633.195 
632.963 
632.73 
632.497 
632.263 
632.029 
631.794 
631.559 
631.324 
631.087 
630.851 
630.613 
630.375 
630.137 
629.898 
629.659 
629.419 
629.178 
628.937 
628.695 
628.453 
628.21 
627.966 
627.722 
627.477 
627.231 
626.985 
626.738 
626.49 
626.242 
625.993 
625.744 
625.493 
625.242 
624.99 
624.737 
624.484 
624.229 
623.973 
623.717 
623.46 
623.202 
622.943 
622.683 
622.423 
622.162 
621.9 
621.637 
621.373 
621.109 
620.843 
620.577 
620.31 
620.043 
619.774 
619.505 
619.235 
618.964 
618.693 
618.421 
618.148 
617.874 
617.599 
617.324 
617.048 
616.771 
616.493 
616.214 
615.935 
615.655 
615.375 
615.094 
614.813 
614.531 
614.248 
613.965 
613.681 
613.396 
613.111 
612.824 
612.537 
612.249 
611.961 
611.671 
611.381 
611.09 
610.798 
610.506 
610.213 
609.919 
609.624 
609.329 
609.033 
608.736 
608.439 
608.141 
607.842 
607.543 
607.244 
606.943 
606.642 
606.341 
606.039 
605.737 
605.434 
605.13 
604.826 
604.522 
604.217 
603.911 
603.605 
603.299 
602.992 
602.685 
602.377 
602.069 
601.76 
601.451 
601.142 
600.831 
600.521 
600.21 
599.898 
599.586 
599.273 
598.96 
598.646 
598.332 
598.017 
597.702 
597.387 
597.071 
596.755 
596.438 
596.12 
595.803 
595.485 
595.166 
594.847 
594.528 
594.208 
593.888 
593.567 
593.246 
592.924 
592.602 
592.28 
591.958 
591.635 
591.311 
590.987 
590.663 
590.339 
590.014 
589.69 
589.365 
589.04 
588.715 
588.391 
588.066 
587.741 
587.416 
587.091 
586.766 
586.441 
586.116 
585.791 
585.466 
585.141 
584.815 
584.49 
584.165 
583.839 
583.514 
583.188 
582.862 
582.537 
582.211 
581.885 
581.559 
581.232 
580.905 
580.577 
580.249 
579.921 
579.593 
579.264 
578.934 
578.605 
578.275 
577.945 
577.614 
577.283 
576.952 
576.621 
576.289 
575.957 
575.624 
575.292 
574.959 
574.626 
574.292 
573.958 
573.624 
573.29 
572.956 
572.621 
572.286 
571.951 
571.615 
571.279 
570.943 
570.607 
570.271 
569.934 
569.597 
569.26 
568.923 
568.585 
568.248 
567.91 
567.571 
567.233 
566.894 
566.555 
566.216 
565.877 
565.537 
565.197 
564.857 
564.517 
564.177 
563.836 
563.494 
563.153 
562.81 
562.468 
562.124 
561.781 
561.437 
561.092 
560.747 
560.401 
560.055 
559.708 
559.361 
559.014 
558.666 
558.318 
557.969 
557.62 
557.271 
556.922 
556.573 
556.224 
555.874 
555.525 
555.175 
554.825 
554.475 
554.125 
553.775 
553.424 
553.074 
552.724 
552.374 
552.023 
551.673 
551.322 
550.972 
550.622 
550.271 
549.921 
549.57 
549.22 
548.87 
548.519 
548.169 
547.819 
547.469 
547.119 
546.769 
546.419 
546.068 
545.719 
545.369 
545.019 
544.669 
544.319 
543.969 
543.619 
543.27 
542.92 
542.57 
542.221 
541.871 
541.521 
541.172 
540.822 
540.473 
540.123 
539.774 
539.424 
539.075 
538.726 
538.376 
538.027 
537.678 
537.328 
536.979 
536.63 
536.281 
535.931 
535.582 
535.233 
534.884 
534.535 
534.185 
533.836 
533.487 
533.138 
532.788 
532.439 
532.09 
531.741 
531.391 
531.042 
530.693 
530.343 
529.994 
529.645 
529.296 
528.946 
528.596 
528.246 
527.895 
527.544 
527.193 
526.842 
526.49 
526.138 
525.785 
525.433 
525.08 
524.726 
524.373 
524.019 
523.665 
523.311 
522.957 
522.602 
522.247 
521.892 
521.537 
521.182 
520.827 
520.472 
520.117 
519.762 
519.407 
519.052 
518.697 
518.342 
517.987 
517.632 
517.277 
516.921 
516.566 
516.21 
515.854 
515.497 
515.141 
514.785 
514.428 
514.071 
513.714 
513.357 
513 
512.643 
512.286 
511.929 
511.571 
511.214 
510.857 
510.499 
510.142 
509.784 
509.426 
509.069 
508.711 
508.354 
507.996 
507.639 
507.281 
506.924 
506.567 
506.21 
505.853 
505.495 
505.138 
504.78 
504.422 
504.064 
503.706 
503.348 
502.989 
502.631 
502.272 
501.914 
501.555 
501.196 
500.837 
500.478 
500.119 
499.76 
499.401 
499.042 
498.682 
498.323 
497.964 
497.605 
497.246 
496.887 
496.527 
496.168 
495.809 
495.45 
495.091 
494.732 
494.372 
494.013 
493.654 
493.295 
492.936 
492.577 
492.218 
491.859 
491.5 
491.141 
490.783 
490.424 
490.065 
489.707 
489.349 
488.99 
488.632 
488.274 
487.916 
487.557 
487.199 
486.841 
486.484 
486.126 
485.768 
485.41 
485.053 
484.695 
484.338 
483.981 
483.623 
483.266 
482.909 
482.552 
482.195 
481.839 
481.482 
481.126 
480.771 
480.416 
480.061 
479.707 
479.354 
479.001 
478.649 
478.297 
477.946 
477.596 
477.245 
476.895 
476.546 
476.197 
475.848 
475.5 
475.152 
474.805 
474.458 
474.111 
473.765 
473.42 
473.075 
472.73 
472.386 
472.042 
471.699 
471.356 
471.013 
470.669 
470.326 
469.983 
469.64 
469.297 
468.954 
468.61 
468.267 
467.924 
467.581 
467.238 
466.895 
466.552 
466.208 
465.865 
465.521 
465.177 
464.834 
464.49 
464.146 
463.802 
463.458 
463.115 
462.771 
462.427 
462.083 
461.739 
461.395 
461.051 
460.707 
460.364 
460.02 
459.676 
459.333 
458.989 
458.646 
458.302 
457.959 
457.616 
457.273 
456.929 
456.587 
456.244 
455.901 
455.558 
455.215 
454.873 
454.53 
454.188 
453.846 
453.504 
453.162 
452.82 
452.479 
452.137 
451.796 
451.455 
451.114 
450.773 
450.432 
450.092 
449.751 
449.411 
449.071 
448.731 
448.392 
448.052 
447.713 
447.374 
447.035 
446.696 
446.358 
446.019 
445.681 
445.343 
445.005 
444.667 
444.329 
443.991 
443.653 
443.314 
442.976 
442.637 
442.299 
441.96 
441.622 
441.283 
440.944 
440.605 
440.266 
439.927 
439.588 
439.25 
438.911 
438.572 
438.234 
437.896 
437.559 
437.222 
436.885 
436.549 
436.213 
435.877 
435.541 
435.206 
434.871 
434.537 
434.203 
433.869 
433.535 
433.202 
432.869 
432.537 
432.205 
431.873 
431.542 
431.211 
430.881 
430.551 
430.221 
429.892 
429.563 
429.234 
428.905 
428.577 
428.248 
427.919 
427.591 
427.262 
426.933 
426.605 
426.277 
425.948 
425.62 
425.292 
424.964 
424.636 
424.309 
423.981 
423.654 
423.327 
423 
422.673 
422.347 
422.021 
421.695 
421.369 
421.044 
420.719 
420.394 
420.07 
419.745 
419.421 
419.098 
418.774 
418.451 
418.129 
417.806 
417.484 
417.162 
416.841 
416.52 
416.199 
415.878 
415.558 
415.238 
414.918 
414.599 
414.28 
413.961 
413.643 
413.325 
413.007 
412.689 
412.371 
412.053 
411.734 
411.416 
411.097 
410.778 
410.458 
410.139 
409.819 
409.5 
409.18 
408.86 
408.54 
408.219 
407.899 
407.579 
407.258 
406.938 
406.617 
406.296 
405.975 
405.654 
405.334 
405.013 
404.692 
404.371 
404.05 
403.729 
403.408 
403.087 
402.766 
402.445 
402.124 
401.803 
401.482 
401.161 
400.84 
400.519 
400.199 
399.878 
399.558 
399.237 
398.917 
398.597 
398.276 
397.956 
397.636 
397.315 
396.995 
396.675 
396.354 
396.034 
395.713 
395.393 
395.072 
394.752 
394.431 
394.111 
393.791 
393.472 
393.154 
392.836 
392.519 
392.202 
391.886 
391.571 
391.256 
390.942 
390.628 
390.315 
390.003 
389.691 
389.38 
389.07 
388.76 
388.451 
388.142 
387.835 
387.527 
387.221 
386.915 
386.609 
386.304 
385.999 
385.695 
385.391 
385.088 
384.785 
384.482 
384.18 
383.878 
383.577 
383.275 
382.974 
382.673 
382.372 
382.072 
381.771 
381.471 
381.17 
380.87 
380.57 
380.27 
379.971 
379.671 
379.372 
379.073 
378.774 
378.475 
378.176 
377.878 
377.58 
377.282 
376.985 
376.687 
376.39 
376.093 
375.797 
375.501 
375.205 
374.909 
374.614 
374.319 
374.024 
373.73 
373.436 
373.142 
372.849 
372.556 
372.263 
371.971 
371.679 
371.387 
371.096 
370.805 
370.514 
370.224 
369.934 
369.644 
369.354 
369.065 
368.775 
368.484 
368.194 
367.903 
367.612 
367.321 
367.03 
366.738 
366.446 
366.154 
365.862 
365.57 
365.278 
364.986 
364.693 
364.4 
364.108 
363.815 
363.522 
363.229 
362.936 
362.643 
362.35 
362.057 
361.764 
361.471 
361.179 
360.886 
360.593 
360.301 
360.008 
359.716 
359.424 
359.132 
358.84 
358.548 
358.257 
357.965 
357.673 
357.381 
357.089 
356.797 
356.505 
356.213 
355.921 
355.629 
355.337 
355.045 
354.753 
354.461 
354.169 
353.877 
353.585 
353.294 
353.001 
352.709 
352.415 
352.122 
351.828 
351.534 
351.239 
350.945 
350.65 
350.354 
350.059 
349.763 
349.468 
349.172 
348.875 
348.579 
348.283 
347.987 
347.692 
347.397 
347.102 
346.808 
346.514 
346.221 
345.928 
345.635 
345.343 
345.052 
344.761 
344.47 
344.18 
343.89 
343.601 
343.313 
343.025 
342.737 
342.45 
342.163 
341.877 
341.592 
341.307 
341.022 
340.738 
340.455 
340.172 
339.889 
339.607 
339.326 
339.045 
338.764 
338.485 
338.205 
337.926 
337.648 
337.37 
337.092 
336.815 
336.539 
336.263 
335.987 
335.712 
335.438 
335.164 
334.89 
334.617 
334.344 
334.072 
333.8 
333.529 
333.258 
332.987 
332.717 
332.448 
332.179 
331.91 
331.642 
331.374 
331.106 
330.839 
330.572 
330.305 
330.038 
329.771 
329.505 
329.239 
328.973 
328.708 
328.443 
328.179 
327.914 
327.651 
327.387 
327.124 
326.861 
326.599 
326.337 
326.076 
325.814 
325.554 
325.293 
325.033 
324.773 
324.513 
324.254 
323.995 
323.736 
323.478 
323.22 
322.962 
322.705 
322.448 
322.191 
321.934 
321.677 
321.419 
321.162 
320.904 
320.646 
320.388 
320.13 
319.872 
319.614 
319.356 
319.097 
318.839 
318.581 
318.322 
318.064 
317.805 
317.547 
317.289 
317.031 
316.773 
316.515 
316.257 
315.999 
315.741 
315.483 
315.226 
314.969 
314.712 
314.455 
314.198 
313.941 
313.685 
313.429 
313.173 
312.917 
312.662 
312.407 
312.152 
311.897 
311.642 
311.388 
311.134 
310.881 
310.627 
310.374 
310.121 
309.868 
309.616 
309.364 
309.112 
308.861 
308.61 
308.359 
308.108 
307.858 
307.608 
307.358 
307.109 
306.86 
306.611 
306.363 
306.115 
305.867 
305.619 
305.372 
305.125 
304.879 
304.632 
304.387 
304.141 
303.896 
303.651 
303.406 
303.162 
302.918 
302.674 
302.431 
302.188 
301.945 
301.702 
301.461 
301.22 
300.98 
300.741 
300.502 
300.264 
300.027 
299.791 
299.556 
299.321 
299.087 
298.853 
298.621 
298.389 
298.158 
297.927 
297.698 
297.469 
297.24 
297.013 
296.786 
296.559 
296.334 
296.109 
295.885 
295.661 
295.438 
295.216 
294.995 
294.774 
294.553 
294.333 
294.114 
293.894 
293.674 
293.455 
293.236 
293.016 
292.797 
292.578 
292.359 
292.141 
291.922 
291.704 
291.486 
291.267 
291.05 
290.832 
290.614 
290.397 
290.18 
289.963 
289.746 
289.529 
289.313 
289.096 
288.88 
288.664 
288.449 
288.233 
288.018 
287.804 
287.589 
287.375 
287.161 
286.947 
286.734 
286.521 
286.308 
286.095 
285.883 
285.671 
285.459 
285.248 
285.036 
284.825 
284.613 
284.401 
284.19 
283.978 
283.766 
283.555 
283.343 
283.131 
282.919 
282.708 
282.496 
282.284 
282.072 
281.86 
281.649 
281.437 
281.225 
281.013 
280.801 
280.59 
280.378 
280.166 
279.955 
279.743 
279.532 
279.321 
279.11 
278.898 
278.687 
278.477 
278.266 
278.055 
277.845 
277.635 
277.424 
277.214 
277.005 
276.795 
276.585 
276.376 
276.167 
275.958 
275.749 
275.541 
275.333 
275.124 
274.917 
274.709 
274.501 
274.294 
274.087 
273.88 
273.673 
273.467 
273.261 
273.055 
272.849 
272.644 
272.438 
272.233 
272.029 
271.824 
271.62 
271.416 
271.212 
271.008 
270.805 
270.602 
270.399 
270.197 
269.994 
269.792 
269.59 
269.389 
269.187 
268.986 
268.785 
268.585 
268.384 
268.184 
267.985 
267.785 
267.586 
267.387 
267.188 
266.989 
266.791 
266.593 
266.395 
266.198 
266 
265.803 
265.607 
265.41 
265.214 
265.018 
264.822 
264.627 
264.432 
264.236 
264.041 
263.845 
263.65 
263.454 
263.258 
263.063 
262.867 
262.671 
262.475 
262.28 
262.084 
261.888 
261.692 
261.497 
261.301 
261.105 
260.91 
260.714 
260.519 
260.324 
260.129 
259.934 
259.739 
259.544 
259.349 
259.155 
258.96 
258.766 
258.572 
258.379 
258.185 
257.992 
257.799 
257.606 
257.414 
257.223 
257.032 
256.842 
256.653 
256.464 
256.276 
256.088 
255.901 
255.715 
255.529 
255.343 
255.158 
254.973 
254.789 
254.605 
254.422 
254.239 
254.056 
253.874 
253.693 
253.512 
253.332 
253.152 
252.973 
252.794 
252.615 
252.437 
252.26 
252.083 
251.906 
251.73 
251.555 
251.38 
251.205 
251.031 
250.857 
250.683 
250.51 
250.338 
250.165 
249.994 
249.822 
249.651 
249.481 
249.31 
249.141 
248.971 
248.802 
248.633 
248.465 
248.297 
248.129 
247.962 
247.795 
247.628 
247.462 
247.296 
247.13 
246.965 
246.8 
246.635 
246.471 
246.306 
246.143 
245.979 
245.816 
245.653 
245.491 
245.328 
245.166 
245.005 
244.843 
244.682 
244.521 
244.361 
244.2 
244.04 
243.88 
243.721 
243.562 
243.403 
243.244 
243.086 
242.927 
242.769 
242.612 
242.454 
242.297 
242.14 
241.984 
241.827 
241.671 
241.515 
241.359 
241.204 
241.048 
240.891 
240.735 
240.578 
240.421 
240.264 
240.107 
239.949 
239.792 
239.634 
239.476 
239.318 
239.16 
239.002 
238.843 
238.685 
238.526 
238.367 
238.208 
238.049 
237.89 
237.731 
237.572 
237.413 
237.253 
237.094 
236.934 
236.775 
236.615 
236.456 
236.296 
236.136 
235.977 
235.817 
235.657 
235.498 
235.338 
235.178 
235.018 
234.859 
234.699 
234.539 
234.38 
234.22 
234.06 
233.901 
233.741 
233.582 
233.422 
233.263 
233.103 
232.944 
232.785 
232.625 
232.466 
232.307 
232.148 
231.989 
231.83 
231.671 
231.512 
231.354 
231.195 
231.036 
230.878 
230.719 
230.561 
230.403 
230.245 
230.087 
229.929 
229.771 
229.613 
229.455 
229.298 
229.14 
228.983 
228.825 
228.668 
228.511 
228.354 
228.197 
228.04 
227.884 
227.727 
227.571 
227.414 
227.258 
227.102 
226.946 
226.79 
226.634 
226.479 
226.323 
226.168 
226.013 
225.857 
225.702 
225.548 
225.393 
225.238 
225.083 
224.928 
224.773 
224.618 
224.462 
224.306 
224.151 
223.994 
223.838 
223.682 
223.525 
223.369 
223.212 
223.055 
222.897 
222.74 
222.583 
222.425 
222.268 
222.11 
221.952 
221.794 
221.637 
221.479 
221.321 
221.163 
221.006 
220.848 
220.69 
220.533 
220.375 
220.217 
220.06 
219.903 
219.745 
219.588 
219.431 
219.274 
219.117 
218.961 
218.804 
218.647 
218.491 
218.335 
218.179 
218.023 
217.867 
217.711 
217.555 
217.4 
217.245 
217.089 
216.934 
216.779 
216.625 
216.47 
216.316 
216.161 
216.007 
215.854 
215.7 
215.548 
215.395 
215.244 
215.092 
214.941 
214.791 
214.641 
214.491 
214.342 
214.193 
214.045 
213.897 
213.749 
213.602 
213.456 
213.31 
213.164 
213.018 
212.873 
212.729 
212.585 
212.441 
212.297 
212.154 
212.012 
211.869 
211.727 
211.585 
211.444 
211.302 
211.16 
211.019 
210.878 
210.736 
210.595 
210.454 
210.313 
210.172 
210.031 
209.89 
209.749 
209.609 
209.468 
209.328 
209.188 
209.047 
208.907 
208.767 
208.628 
208.488 
208.348 
208.209 
208.07 
207.931 
207.792 
207.653 
207.515 
207.376 
207.238 
207.1 
206.962 
206.824 
206.686 
206.549 
206.411 
206.274 
206.137 
206 
205.863 
205.727 
205.59 
205.454 
205.318 
205.182 
205.046 
204.911 
204.775 
204.64 
204.504 
204.369 
204.234 
204.099 
203.965 
203.83 
203.695 
203.561 
203.427 
203.293 
203.159 
203.025 
202.891 
202.757 
202.624 
202.49 
202.357 
202.224 
202.091 
201.958 
201.825 
201.692 
201.559 
201.427 
201.294 
201.161 
201.029 
200.897 
200.765 
200.632 
200.5 
200.368 
200.236 
200.104 
199.973 
199.841 
199.709 
199.577 
199.446 
199.314 
199.182 
199.05 
198.918 
198.786 
198.653 
198.521 
198.388 
198.256 
198.123 
197.99 
197.858 
197.725 
197.592 
197.459 
197.326 
197.192 
197.059 
196.926 
196.793 
196.659 
196.526 
196.392 
196.258 
196.125 
195.991 
195.857 
195.723 
195.589 
195.456 
195.321 
195.187 
195.053 
194.919 
194.785 
194.651 
194.516 
194.382 
194.247 
194.113 
193.978 
193.844 
193.709 
193.574 
193.44 
193.305 
193.17 
193.035 
192.9 
192.765 
192.63 
192.495 
192.36 
192.225 
192.09 
191.955 
191.82 
191.684 
191.549 
191.414 
191.278 
191.143 
191.008 
190.872 
190.737 
190.601 
190.466 
190.33 
190.194 
190.059 
189.923 
189.787 
189.651 
189.515 
189.378 
189.241 
189.104 
188.966 
188.828 
188.69 
188.551 
188.413 
188.274 
188.134 
187.995 
187.855 
187.716 
187.576 
187.435 
187.295 
187.154 
187.014 
186.873 
186.732 
186.591 
186.449 
186.308 
186.167 
186.025 
185.883 
185.741 
185.6 
185.458 
185.316 
185.173 
185.031 
184.889 
184.747 
184.604 
184.462 
184.32 
184.177 
184.034 
183.892 
183.749 
183.607 
183.464 
183.321 
183.178 
183.036 
182.893 
182.75 
182.607 
182.464 
182.322 
182.179 
182.036 
181.893 
181.75 
181.608 
181.465 
181.322 
181.179 
181.036 
180.894 
180.751 
180.608 
180.466 
180.323 
180.18 
180.038 
179.895 
179.753 
179.61 
179.468 
179.325 
179.183 
179.041 
178.898 
178.756 
178.614 
178.472 
178.33 
178.188 
178.046 
177.904 
177.762 
177.62 
177.478 
177.336 
177.195 
177.053 
176.911 
176.77 
176.628 
176.487 
176.346 
176.204 
176.063 
175.922 
175.781 
175.64 
175.499 
175.358 
175.217 
175.076 
174.935 
174.795 
174.654 
174.514 
174.373 
174.233 
174.092 
173.952 
173.812 
173.672 
173.532 
173.392 
173.252 
173.112 
172.972 
172.832 
172.693 
172.553 
172.413 
172.274 
172.135 
171.995 
171.856 
171.717 
171.578 
171.439 
171.3 
171.161 
171.022 
170.883 
170.745 
170.606 
170.467 
170.329 
170.19 
170.052 
169.913 
169.774 
169.635 
169.495 
169.356 
169.217 
169.078 
168.939 
168.8 
168.66 
168.521 
168.382 
168.243 
168.104 
167.965 
167.826 
167.687 
167.549 
167.41 
167.271 
167.133 
166.994 
166.856 
166.717 
166.579 
166.441 
166.303 
166.165 
166.027 
165.89 
165.752 
165.614 
165.477 
165.34 
165.203 
165.066 
164.929 
164.792 
164.655 
164.519 
164.382 
164.246 
164.11 
163.973 
163.837 
163.701 
163.566 
163.43 
163.294 
163.159 
163.023 
162.888 
162.753 
162.617 
162.482 
162.347 
162.212 
162.078 
161.943 
161.808 
161.673 
161.539 
161.404 
161.27 
161.136 
161.002 
160.867 
160.733 
160.599 
160.465 
160.331 
160.197 
160.063 
159.93 
159.796 
159.662 
159.529 
159.395 
159.262 
159.128 
158.995 
158.861 
158.728 
158.595 
158.461 
158.328 
158.195 
158.062 
157.929 
157.795 
157.662 
157.529 
157.396 
157.263 
157.13 
156.997 
156.865 
156.732 
156.599 
156.466 
156.333 
156.201 
156.068 
155.935 
155.802 
155.67 
155.537 
155.404 
155.272 
155.139 
155.007 
154.874 
154.741 
154.609 
154.476 
154.344 
154.211 
154.079 
153.947 
153.814 
153.682 
153.549 
153.417 
153.285 
153.152 
153.02 
152.887 
152.755 
152.622 
152.489 
152.355 
152.222 
152.089 
151.955 
151.821 
151.687 
151.553 
151.419 
151.285 
151.15 
151.016 
150.881 
150.746 
150.611 
150.476 
150.341 
150.206 
150.071 
149.936 
149.801 
149.665 
149.53 
149.394 
149.259 
149.123 
148.988 
148.852 
148.716 
148.581 
148.445 
148.309 
148.173 
148.037 
147.901 
147.765 
147.629 
147.493 
147.357 
147.221 
147.085 
146.949 
146.813 
146.677 
146.541 
146.405 
146.268 
146.132 
145.996 
145.86 
145.724 
145.587 
145.451 
145.315 
145.179 
145.042 
144.906 
144.77 
144.633 
144.497 
144.361 
144.224 
144.088 
143.952 
143.815 
143.679 
143.543 
143.407 
143.27 
143.134 
142.998 
142.862 
142.725 
142.589 
142.453 
142.317 
142.181 
142.045 
141.909 
141.773 
141.637 
141.501 
141.365 
141.229 
141.093 
140.957 
140.822 
140.686 
140.55 
140.415 
140.279 
140.143 
140.008 
139.872 
139.737 
139.601 
139.465 
139.33 
139.194 
139.058 
138.922 
138.786 
138.65 
138.514 
138.378 
138.242 
138.107 
137.971 
137.835 
137.699 
137.563 
137.427 
137.291 
137.155 
137.02 
136.884 
136.748 
136.612 
136.477 
136.341 
136.205 
136.07 
135.934 
135.798 
135.663 
135.527 
135.392 
135.256 
135.121 
134.986 
134.85 
134.715 
134.58 
134.445 
134.31 
134.175 
134.04 
133.905 
133.77 
133.635 
133.5 
133.365 
133.231 
133.096 
132.961 
132.827 
132.692 
132.558 
132.423 
132.289 
132.155 
132.02 
131.886 
131.752 
131.618 
131.484 
131.35 
131.216 
131.082 
130.949 
130.815 
130.681 
130.547 
130.414 
130.28 
130.147 
130.014 
129.88 
129.747 
129.614 
129.481 
129.348 
129.215 
129.082 
128.949 
128.816 
128.683 
128.55 
128.418 
128.285 
128.152 
128.02 
127.887 
127.755 
127.623 
127.491 
127.358 
127.226 
127.094 
126.962 
126.83 
126.698 
126.566 
126.435 
126.303 
126.171 
126.04 
125.908 
125.777 
125.645 
125.514 
125.383 
125.251 
125.12 
124.989 
124.858 
124.727 
124.596 
124.465 
124.335 
124.204 
124.073 
123.943 
123.812 
123.681 
123.55 
123.419 
123.288 
123.157 
123.025 
122.894 
122.762 
122.63 
122.498 
122.367 
122.235 
122.102 
121.97 
121.838 
121.706 
121.573 
121.441 
121.309 
121.176 
121.043 
120.911 
120.778 
120.646 
120.513 
120.38 
120.247 
120.115 
119.982 
119.849 
119.716 
119.583 
119.451 
119.318 
119.185 
119.052 
118.919 
118.786 
118.654 
118.521 
118.388 
118.255 
118.121 
117.987 
117.854 
117.72 
117.585 
117.451 
117.316 
117.182 
117.047 
116.912 
116.776 
116.641 
116.506 
116.37 
116.234 
116.099 
115.963 
115.827 
115.691 
115.555 
115.419 
115.282 
115.146 
115.01 
114.873 
114.737 
114.601 
114.464 
114.328 
114.191 
114.055 
113.919 
113.782 
113.646 
113.51 
113.373 
113.237 
113.101 
112.965 
112.829 
112.693 
112.557 
112.421 
112.285 
112.149 
112.013 
111.878 
111.742 
111.607 
111.471 
111.336 
111.201 
111.065 
110.93 
110.795 
110.661 
110.526 
110.391 
110.257 
110.122 
109.988 
109.853 
109.719 
109.585 
109.451 
109.318 
109.184 
109.05 
108.917 
108.783 
108.65 
108.517 
108.384 
108.251 
108.119 
107.986 
107.854 
107.721 
107.589 
107.457 
107.326 
107.194 
107.063 
106.933 
106.802 
106.672 
106.542 
106.413 
106.283 
106.154 
106.025 
105.897 
105.769 
105.641 
105.513 
105.385 
105.258 
105.131 
105.005 
104.879 
104.752 
104.627 
104.501 
104.376 
104.251 
104.126 
104.001 
103.877 
103.753 
103.629 
103.506 
103.382 
103.259 
103.136 
103.014 
102.891 
102.769 
102.647 
102.525 
102.404 
102.282 
102.161 
102.04 
101.92 
101.799 
101.679 
101.559 
101.439 
101.319 
101.2 
101.081 
100.962 
100.843 
100.724 
100.605 
100.487 
100.369 
100.251 
100.133 
100.016 
99.8981 
99.7809 
99.6638 
99.5469 
99.4302 
99.3136 
99.1972 
99.081 
98.965 
98.8491 
98.7334 
98.6179 
98.5025 
98.3873 
98.2722 
98.1573 
98.0426 
97.928 
97.8136 
97.6994 
97.5853 
97.4713 
97.3575 
97.2439 
97.1304 
97.0171 
96.9039 
96.7909 
96.6781 
96.5653 
96.4528 
96.3404 
96.2281 
96.116 
96.004 
95.8921 
95.7805 
95.6689 
95.5575 
95.4463 
95.3352 
95.2242 
95.1134 
95.0027 
94.8922 
94.7818 
94.6715 
94.5614 
94.4514 
94.3416 
94.2319 
94.1223 
94.0129 
93.9036 
93.7945 
93.6855 
93.5766 
93.4679 
93.3592 
93.2508 
93.1424 
93.0342 
92.9262 
92.8183 
92.7105 
92.6028 
92.4953 
92.3879 
92.2806 
92.1735 
92.0665 
91.9596 
91.8529 
91.7463 
91.6398 
91.5334 
91.4272 
91.3211 
91.2152 
91.1093 
91.0037 
90.8981 
90.7926 
90.6873 
90.5822 
90.4771 
90.3722 
90.2674 
90.1627 
90.0582 
89.9538 
89.8495 
89.7453 
89.6413 
89.5374 
89.4336 
89.3299 
89.2264 
89.123 
89.0197 
88.9166 
88.8136 
88.7107 
88.608 
88.5054 
88.4029 
88.3006 
88.1984 
88.0964 
87.9945 
87.8927 
87.7911 
87.6896 
87.5883 
87.4871 
87.3861 
87.2852 
87.1844 
87.0838 
86.9833 
86.883 
86.7828 
86.6827 
86.5828 
86.483 
86.3834 
86.2839 
86.1845 
86.0853 
85.9863 
85.8873 
85.7885 
85.6898 
85.5913 
85.4929 
85.3945 
85.2964 
85.1983 
85.1003 
85.0023 
84.9044 
84.8065 
84.7087 
84.6109 
84.5132 
84.4156 
84.3181 
84.2207 
84.1234 
84.0262 
83.9291 
83.8321 
83.7352 
83.6384 
83.5417 
83.4452 
83.3487 
83.2523 
83.156 
83.0598 
82.9638 
82.8678 
82.772 
82.6762 
82.5806 
82.485 
82.3896 
82.2942 
82.199 
82.1039 
82.0089 
81.914 
81.8192 
81.7245 
81.6299 
81.5354 
81.441 
81.3468 
81.2526 
81.1586 
81.0646 
80.9708 
80.8771 
80.7835 
80.69 
80.5966 
80.5033 
80.4102 
80.3171 
80.2242 
80.1314 
80.0386 
79.9461 
79.8536 
79.7612 
79.6689 
79.5768 
79.4848 
79.3929 
79.3011 
79.2094 
79.1179 
79.0265 
78.9351 
78.844 
78.7529 
78.6619 
78.5711 
78.4804 
78.3898 
78.2994 
78.209 
78.1188 
78.0287 
77.9388 
77.8489 
77.7592 
77.6697 
77.5802 
77.4909 
77.4017 
77.3126 
77.2236 
77.1347 
77.0457 
76.9568 
76.8678 
76.7789 
76.69 
76.6011 
76.5122 
76.4234 
76.3346 
76.2458 
76.157 
76.0683 
75.9797 
75.8911 
75.8025 
75.7141 
75.6257 
75.5373 
75.4491 
75.3609 
75.2728 
75.1849 
75.097 
75.0092 
74.9215 
74.834 
74.7465 
74.6592 
74.572 
74.4849 
74.3979 
74.311 
74.2243 
74.1377 
74.0513 
73.9649 
73.8788 
73.7927 
73.7068 
73.621 
73.5354 
73.4499 
73.3645 
73.2793 
73.1942 
73.1093 
73.0245 
72.9398 
72.8553 
72.7709 
72.6867 
72.6026 
72.5187 
72.4349 
72.3513 
72.2678 
72.1844 
72.1012 
72.0182 
71.9352 
71.8525 
71.7698 
71.6873 
71.605 
71.5228 
71.4408 
71.3589 
71.2771 
71.1955 
71.114 
71.0327 
70.9515 
70.8704 
70.7895 
70.7088 
70.6281 
70.5477 
70.4673 
70.3871 
70.3071 
70.2272 
70.1474 
70.0678 
69.9883 
69.9089 
69.8297 
69.7506 
69.6717 
69.5929 
69.5142 
69.4357 
69.3573 
69.2791 
69.201 
69.123 
69.0452 
68.9675 
68.8899 
68.8124 
68.7351 
68.658 
68.5809 
68.504 
68.4273 
68.3506 
68.2741 
68.1977 
68.1215 
68.0454 
67.9694 
67.8936 
67.8178 
67.7422 
67.6668 
67.5914 
67.5162 
67.4412 
67.3662 
67.2914 
67.2167 
67.1421 
67.0677 
66.9933 
66.9191 
66.8451 
66.7711 
66.6973 
66.6236 
66.55 
66.4765 
66.4032 
66.33 
66.2569 
66.184 
66.1111 
66.0384 
65.9658 
65.8933 
65.8209 
65.7487 
65.6766 
65.6046 
65.5327 
65.4609 
65.3893 
65.3178 
65.2464 
65.1751 
65.1039 
65.0328 
64.9619 
64.8911 
64.8204 
64.7498 
64.6794 
64.609 
64.5388 
64.4687 
64.3987 
64.3288 
64.2591 
64.1894 
64.1199 
64.0505 
63.9812 
63.912 
63.8429 
63.774 
63.7052 
63.6365 
63.5679 
63.4994 
63.431 
63.3628 
63.2946 
63.2266 
63.1587 
63.0909 
63.0232 
62.9557 
62.8882 
62.8209 
62.7537 
62.6866 
62.6196 
62.5527 
62.4859 
62.4193 
62.3528 
62.2863 
62.22 
62.1538 
62.0878 
62.0218 
61.956 
61.8902 
61.8246 
61.7591 
61.6937 
61.6284 
61.5632 
61.4982 
61.4332 
61.3684 
61.3037 
61.2391 
61.1746 
61.1102 
61.0459 
60.9818 
60.9177 
60.8538 
60.79 
60.7262 
60.6626 
60.5992 
60.5358 
60.4725 
60.4093 
60.3463 
60.2834 
60.2205 
60.1578 
60.0952 
60.0327 
59.9703 
59.908 
59.8459 
59.7838 
59.7219 
59.66 
59.5983 
59.5367 
59.4752 
59.4138 
59.3525 
59.2913 
59.2302 
59.1692 
59.1083 
59.0476 
58.9869 
58.9264 
58.8659 
58.8056 
58.7454 
58.6853 
58.6253 
58.5654 
58.5056 
58.4459 
58.3863 
58.3268 
58.2674 
58.2081 
58.149 
58.0899 
58.0309 
57.9721 
57.9133 
57.8547 
57.7961 
57.7377 
57.6793 
57.6211 
57.563 
57.5049 
57.447 
57.3892 
57.3315 
57.2738 
57.2163 
57.1589 
57.1016 
57.0443 
56.9872 
56.9302 
56.8733 
56.8165 
56.7597 
56.7031 
56.6466 
56.5902 
56.5338 
56.4776 
56.4215 
56.3654 
56.3095 
56.2537 
56.1979 
56.1423 
56.0867 
56.0313 
55.9759 
55.9207 
55.8655 
55.8104 
55.7554 
55.7006 
55.6458 
55.5911 
55.5365 
55.482 
55.4276 
55.3732 
55.319 
55.2649 
55.2108 
55.1569 
55.103 
55.0493 
54.9956 
54.942 
54.8885 
54.8351 
54.7818 
54.7285 
54.6754 
54.6223 
54.5694 
54.5165 
54.4637 
54.411 
54.3584 
54.3059 
54.2534 
54.2011 
54.1488 
54.0966 
54.0445 
53.9925 
53.9406 
53.8887 
53.837 
53.7853 
53.7337 
53.6822 
53.6307 
53.5794 
53.5281 
53.4769 
53.4258 
53.3748 
53.3238 
53.273 
53.2222 
53.1714 
53.1207 
53.07 
53.0192 
52.9684 
52.9176 
52.8668 
52.8159 
52.7651 
52.7142 
52.6633 
52.6125 
52.5616 
52.5107 
52.4599 
52.409 
52.3582 
52.3074 
52.2565 
52.2057 
52.1549 
52.1042 
52.0534 
52.0027 
51.952 
51.9013 
51.8507 
51.8001 
51.7495 
51.6989 
51.6484 
51.5979 
51.5475 
51.4971 
51.4467 
51.3964 
51.3461 
51.2958 
51.2456 
51.1955 
51.1453 
51.0953 
51.0453 
50.9953 
50.9454 
50.8955 
50.8457 
50.7959 
50.7462 
50.6965 
50.6469 
50.5973 
50.5478 
50.4984 
50.449 
50.3996 
50.3503 
50.3011 
50.2519 
50.2028 
50.1537 
50.1047 
50.0558 
50.0069 
49.9581 
49.9093 
49.8606 
49.8119 
49.7633 
49.7148 
49.6663 
49.6179 
49.5695 
49.5212 
49.4729 
49.4247 
49.3766 
49.3285 
49.2805 
49.2326 
49.1847 
49.1368 
49.0891 
49.0413 
48.9937 
48.9461 
48.8985 
48.851 
48.8036 
48.7563 
48.7089 
48.6617 
48.6145 
48.5674 
48.5203 
48.4733 
48.4263 
48.3794 
48.3326 
48.2859 
48.2393 
48.1929 
48.1466 
48.1004 
48.0543 
48.0084 
47.9626 
47.9169 
47.8713 
47.8258 
47.7805 
47.7352 
47.6901 
47.6451 
47.6002 
47.5555 
47.5108 
47.4663 
47.4218 
47.3775 
47.3333 
47.2892 
47.2451 
47.2012 
47.1574 
47.1137 
47.0701 
47.0266 
46.9832 
46.9398 
46.8966 
46.8534 
46.8104 
46.7674 
46.7245 
46.6817 
46.6389 
46.5963 
46.5537 
46.5112 
46.4688 
46.4264 
46.3841 
46.3419 
46.2998 
46.2577 
46.2157 
46.1737 
46.1318 
46.09 
46.0482 
46.0065 
45.9649 
45.9233 
45.8817 
45.8403 
45.7988 
45.7575 
45.7162 
45.6749 
45.6337 
45.5925 
45.5514 
45.5103 
45.4693 
45.4284 
45.3874 
45.3466 
45.3057 
45.2649 
45.2242 
45.1835 
45.1428 
45.1022 
45.0616 
45.0211 
44.9806 
44.9402 
44.8998 
44.8594 
44.8191 
44.7788 
44.7385 
44.6983 
44.6581 
44.618 
44.5778 
44.5378 
44.4977 
44.4577 
44.4178 
44.3778 
44.3379 
44.2981 
44.2582 
44.2185 
44.1787 
44.139 
44.0993 
44.0596 
44.02 
43.9804 
43.9408 
43.9013 
43.8618 
43.8224 
43.783 
43.7436 
43.7043 
43.665 
43.6257 
43.5865 
43.5473 
43.5082 
43.4691 
43.43 
43.391 
43.352 
43.313 
43.2741 
43.2352 
43.1963 
43.1575 
43.1187 
43.0799 
43.0412 
43.0025 
42.9639 
42.9253 
42.8867 
42.8481 
42.8096 
42.7711 
42.7327 
42.6943 
42.6559 
42.6175 
42.5792 
42.5409 
42.5027 
42.4645 
42.4263 
42.3881 
42.35 
42.3119 
42.2739 
42.2359 
42.1979 
42.1599 
42.122 
42.0841 
42.0462 
42.0084 
41.9706 
41.9328 
41.895 
41.8573 
41.8196 
41.782 
41.7444 
41.7068 
41.6692 
41.6317 
41.5942 
41.5567 
41.5192 
41.4818 
41.4444 
41.4071 
41.3697 
41.3324 
41.2951 
41.2579 
41.2207 
41.1835 
41.1463 
41.1091 
41.072 
41.0349 
40.9979 
40.9608 
40.9238 
40.8868 
40.8499 
40.8129 
40.776 
40.7391 
40.7022 
40.6654 
40.6286 
40.5918 
40.555 
40.5183 
40.4816 
40.4449 
40.4082 
40.3716 
40.3349 
40.2983 
40.2617 
40.2252 
40.1886 
40.1521 
40.1156 
40.0792 
40.0427 
40.0063 
39.9699 
39.9335 
39.8971 
39.8608 
39.8244 
39.7881 
39.7518 
39.7156 
39.6793 
39.6431 
39.6069 
39.5707 
39.5345 
39.4984 
39.4622 
39.4261 
39.39 
39.354 
39.3179 
39.2819 
39.2458 
39.2098 
39.1738 
39.1379 
39.1019 
39.066 
39.0301 
38.9942 
38.9583 
38.9224 
38.8865 
38.8507 
38.8149 
38.7791 
38.7433 
38.7075 
38.6718 
38.636 
38.6003 
38.5646 
38.5289 
38.4932 
38.4576 
38.4219 
38.3863 
38.3507 
38.3151 
38.2795 
38.2439 
38.2084 
38.1728 
38.1373 
38.1018 
38.0663 
38.0308 
37.9954 
37.9599 
37.9245 
37.889 
37.8536 
37.8182 
37.7829 
37.7475 
37.7121 
37.6768 
37.6415 
37.6062 
37.5709 
37.5356 
37.5003 
37.465 
37.4298 
37.3946 
37.3593 
37.3241 
37.289 
37.2538 
37.2186 
37.1835 
37.1483 
37.1132 
37.0781 
37.043 
37.0079 
36.9729 
36.9378 
36.9028 
36.8677 
36.8327 
36.7977 
36.7627 
36.7277 
36.6928 
36.6578 
36.6229 
36.588 
36.5531 
36.5182 
36.4833 
36.4484 
36.4136 
36.3787 
36.3439 
36.3091 
36.2743 
36.2395 
36.2047 
36.17 
36.1352 
36.1005 
36.0658 
36.0311 
35.9964 
35.9617 
35.927 
35.8924 
35.8577 
35.8231 
35.7885 
35.7539 
35.7193 
35.6848 
35.6502 
35.6157 
35.5811 
35.5466 
35.5121 
35.4776 
35.4432 
35.4087 
35.3743 
35.3398 
35.3054 
35.271 
35.2367 
35.2023 
35.1679 
35.1336 
35.0993 
35.0649 
35.0307 
34.9964 
34.9621 
34.9278 
34.8936 
34.8594 
34.8252 
34.791 
34.7568 
34.7226 
34.6885 
34.6543 
34.6202 
34.586 
34.5519 
34.5178 
34.4837 
34.4496 
34.4155 
34.3814 
34.3473 
34.3133 
34.2792 
34.2452 
34.2111 
34.1771 
34.1431 
34.1091 
34.0751 
34.0411 
34.0071 
33.9731 
33.9391 
33.9052 
33.8712 
33.8373 
33.8033 
33.7694 
33.7355 
33.7016 
33.6677 
33.6338 
33.5999 
33.566 
33.5321 
33.4983 
33.4645 
33.4306 
33.3968 
33.363 
33.3292 
33.2954 
33.2616 
33.2278 
33.1941 
33.1603 
33.1266 
33.0928 
33.0591 
33.0254 
32.9917 
32.9581 
32.9244 
32.8907 
32.8571 
32.8235 
32.7899 
32.7563 
32.7227 
32.6891 
32.6555 
32.622 
32.5885 
32.555 
32.5215 
32.488 
32.4545 
32.4211 
32.3876 
32.3542 
32.3208 
32.2874 
32.254 
32.2207 
32.1873 
32.154 
32.1207 
32.0874 
32.0541 
32.0209 
31.9876 
31.9544 
31.9212 
31.888 
31.8548 
31.8217 
31.7885 
31.7554 
31.7223 
31.6892 
31.6562 
31.6231 
31.5901 
31.5571 
31.5241 
31.4912 
31.4582 
31.4253 
31.3924 
31.3595 
31.3266 
31.2938 
31.261 
31.2281 
31.1954 
31.1626 
31.1298 
31.0971 
31.0644 
31.0317 
30.999 
30.9664 
30.9337 
30.9011 
30.8685 
30.836 
30.8034 
30.7709 
30.7384 
30.7059 
30.6734 
30.641 
30.6086 
30.5762 
30.5438 
30.5114 
30.4791 
30.4467 
30.4144 
30.3821 
30.3499 
30.3176 
30.2854 
30.2532 
30.221 
30.1889 
30.1567 
30.1246 
30.0925 
30.0604 
30.0284 
29.9963 
29.9643 
29.9323 
29.9003 
29.8684 
29.8364 
29.8045 
29.7726 
29.7408 
29.7089 
29.6771 
29.6453 
29.6135 
29.5817 
29.55 
29.5182 
29.4865 
29.4548 
29.4232 
29.3915 
29.3599 
29.3283 
29.2967 
29.2651 
29.2336 
29.2021 
29.1706 
29.1391 
29.1077 
29.0762 
29.0448 
29.0134 
28.982 
28.9507 
28.9194 
28.8881 
28.8568 
28.8255 
28.7943 
28.763 
28.7318 
28.7007 
28.6695 
28.6384 
28.6073 
28.5762 
28.5451 
28.514 
28.483 
28.452 
28.421 
28.3901 
28.3591 
28.3282 
28.2973 
28.2665 
28.2356 
28.2048 
28.174 
28.1432 
28.1124 
28.0817 
28.051 
28.0203 
27.9896 
27.959 
27.9284 
27.8978 
27.8672 
27.8366 
27.8061 
27.7756 
27.7451 
27.7147 
27.6842 
27.6538 
27.6234 
27.593 
27.5627 
27.5324 
27.5021 
27.4718 
27.4415 
27.4113 
27.3811 
27.3509 
27.3208 
27.2906 
27.2605 
27.2304 
27.2004 
27.1703 
27.1403 
27.1103 
27.0803 
27.0504 
27.0205 
26.9906 
26.9607 
26.9308 
26.901 
26.8712 
26.8414 
26.8117 
26.782 
26.7522 
26.7226 
26.6929 
26.6633 
26.6337 
26.6041 
26.5745 
26.545 
26.5155 
26.486 
26.4565 
26.4271 
26.3977 
26.3683 
26.3389 
26.3096 
26.2802 
26.251 
26.2217 
26.1924 
26.1632 
26.134 
26.1049 
26.0757 
26.0466 
26.0175 
25.9884 
25.9594 
25.9304 
25.9014 
25.8724 
25.8434 
25.8145 
25.7856 
25.7567 
25.7279 
25.6991 
25.6703 
25.6415 
25.6128 
25.584 
25.5553 
25.5267 
25.498 
25.4694 
25.4408 
25.4122 
25.3837 
25.3551 
25.3267 
25.2982 
25.2697 
25.2413 
25.2129 
25.1845 
25.1562 
25.1279 
25.0996 
25.0713 
25.0431 
25.0148 
24.9867 
24.9585 
24.9303 
24.9022 
24.8741 
24.8461 
24.818 
24.79 
24.762 
24.7341 
24.7061 
24.6782 
24.6503 
24.6225 
24.5946 
24.5668 
24.539 
24.5113 
24.4835 
24.4558 
24.4281 
24.4005 
24.3728 
24.3452 
24.3177 
24.2901 
24.2626 
24.2351 
24.2076 
24.1802 
24.1527 
24.1253 
24.098 
24.0706 
24.0433 
24.016 
23.9887 
23.9615 
23.9343 
23.9071 
23.8799 
23.8528 
23.8257 
23.7986 
23.7715 
23.7445 
23.7175 
23.6905 
23.6635 
23.6366 
23.6097 
23.5828 
23.556 
23.5292 
23.5024 
23.4756 
23.4489 
23.4221 
23.3954 
23.3688 
23.3421 
23.3155 
23.289 
23.2624 
23.2359 
23.2094 
23.1829 
23.1564 
23.13 
23.1036 
23.0772 
23.0509 
23.0246 
22.9983 
22.972 
22.9458 
22.9195 
22.8934 
22.8672 
22.8411 
22.815 
22.7889 
22.7628 
22.7368 
22.7108 
22.6848 
22.6589 
22.633 
22.6071 
22.5812 
22.5554 
22.5295 
22.5038 
22.478 
22.4523 
22.4265 
22.4009 
22.3752 
22.3496 
22.324 
22.2984 
22.2729 
22.2473 
22.2218 
22.1964 
22.1709 
22.1455 
22.1201 
22.0947 
22.0694 
22.0441 
22.0188 
21.9935 
21.9683 
21.9431 
21.9179 
21.8928 
21.8676 
21.8425 
21.8174 
21.7924 
21.7674 
21.7424 
21.7174 
21.6925 
21.6675 
21.6426 
21.6178 
21.5929 
21.5681 
21.5433 
21.5186 
21.4938 
21.4691 
21.4444 
21.4198 
21.3951 
21.3705 
21.3459 
21.3214 
21.2968 
21.2723 
21.2479 
21.2234 
21.199 
21.1746 
21.1502 
21.1258 
21.1015 
21.0772 
21.0529 
21.0287 
21.0045 
20.9803 
20.9561 
20.9319 
20.9077 
20.8835 
20.8594 
20.8352 
20.8111 
20.7869 
20.7628 
20.7387 
20.7146 
20.6904 
20.6664 
20.6423 
20.6182 
20.5941 
20.5701 
20.5461 
20.5221 
20.4981 
20.4741 
20.4501 
20.4262 
20.4023 
20.3784 
20.3545 
20.3306 
20.3068 
20.2829 
20.2592 
20.2354 
20.2116 
20.1879 
20.1642 
20.1405 
20.1169 
20.0932 
20.0696 
20.0461 
20.0225 
19.999 
19.9755 
19.952 
19.9285 
19.9051 
19.8817 
19.8584 
19.835 
19.8117 
19.7884 
19.7651 
19.7419 
19.7187 
19.6955 
19.6723 
19.6492 
19.6261 
19.603 
19.58 
19.5569 
19.534 
19.511 
19.488 
19.4651 
19.4422 
19.4194 
19.3965 
19.3737 
19.351 
19.3282 
19.3055 
19.2828 
19.2601 
19.2375 
19.2149 
19.1923 
19.1697 
19.1472 
19.1247 
19.1022 
19.0798 
19.0573 
19.035 
19.0126 
18.9902 
18.9679 
18.9456 
18.9234 
18.9012 
18.879 
18.8568 
18.8346 
18.8125 
18.7904 
18.7684 
18.7463 
18.7243 
18.7023 
18.6804 
18.6584 
18.6365 
18.6147 
18.5928 
18.571 
18.5492 
18.5274 
18.5057 
18.484 
18.4623 
18.4406 
18.419 
18.3974 
18.3758 
18.3543 
18.3328 
18.3113 
18.2898 
18.2684 
18.247 
18.2256 
18.2043 
18.1829 
18.1616 
18.1404 
18.1191 
18.0979 
18.0767 
18.0555 
18.0344 
18.0133 
17.9922 
17.9712 
17.9502 
17.9292 
17.9082 
17.8873 
17.8663 
17.8455 
17.8246 
17.8038 
17.783 
17.7622 
17.7414 
17.7207 
17.7 
17.6794 
17.6587 
17.6381 
17.6175 
17.597 
17.5764 
17.5559 
17.5355 
17.515 
17.4946 
17.4742 
17.4539 
17.4335 
17.4132 
17.393 
17.3727 
17.3525 
17.3323 
17.3121 
17.292 
17.2719 
17.2518 
17.2317 
17.2117 
17.1917 
17.1717 
17.1518 
17.1319 
17.112 
17.0921 
17.0723 
17.0525 
17.0327 
17.013 
16.9932 
16.9736 
16.9539 
16.9343 
16.9146 
16.8951 
16.8755 
16.856 
16.8365 
16.817 
16.7976 
16.7782 
16.7588 
16.7394 
16.7201 
16.7008 
16.6815 
16.6623 
16.6431 
16.6239 
16.6047 
16.5856 
16.5665 
16.5474 
16.5284 
16.5094 
16.4904 
16.4714 
16.4525 
16.4336 
16.4147 
16.3959 
16.377 
16.3582 
16.3395 
16.3207 
16.302 
16.2834 
16.2647 
16.2461 
16.2275 
16.2089 
16.1904 
16.1719 
16.1534 
16.135 
16.1165 
16.0982 
16.0798 
16.0615 
16.0432 
16.0249 
16.0066 
15.9884 
15.9702 
15.9521 
15.9339 
15.9158 
15.8977 
15.8797 
15.8617 
15.8437 
15.8257 
15.8078 
15.7899 
15.772 
15.7542 
15.7363 
15.7186 
15.7008 
15.6831 
15.6654 
15.6477 
15.63 
15.6124 
15.5948 
15.5773 
15.5598 
15.5423 
15.5248 
15.5074 
15.4899 
15.4726 
15.4552 
15.4379 
15.4206 
15.4033 
15.3861 
15.3689 
15.3517 
15.3346 
15.3175 
15.3004 
15.2833 
15.2663 
15.2493 
15.2323 
15.2154 
15.1985 
15.1816 
15.1647 
15.1479 
15.1311 
15.1143 
15.0976 
15.0809 
15.0642 
15.0476 
15.031 
15.0144 
14.9978 
14.9813 
14.9648 
14.9484 
14.9319 
14.9155 
14.8991 
14.8828 
14.8665 
14.8502 
14.8339 
14.8177 
14.8015 
14.7854 
14.7692 
14.7531 
14.7371 
14.721 
14.705 
14.689 
14.6731 
14.6572 
14.6413 
14.6254 
14.6096 
14.5938 
14.578 
14.5623 
14.5466 
14.5309 
14.5153 
14.4996 
14.4841 
14.4685 
14.453 
14.4375 
14.422 
14.4066 
14.3912 
14.3758 
14.3605 
14.3452 
14.3299 
14.3147 
14.2995 
14.2843 
14.2691 
14.254 
14.2389 
14.2239 
14.2089 
14.1939 
14.1789 
14.164 
14.1491 
14.1342 
14.1194 
14.1046 
14.0898 
14.0751 
14.0604 
14.0457 
14.0311 
14.0165 
14.0019 
13.9873 
13.9728 
13.9583 
13.9439 
13.9295 
13.9151 
13.9007 
13.8864 
13.8721 
13.8579 
13.8436 
13.8294 
13.8153 
13.8011 
13.7871 
13.773 
13.759 
13.745 
13.731 
13.7171 
13.7032 
13.6893 
13.6755 
13.6617 
13.6479 
13.6342 
13.6205 
13.6068 
13.5932 
13.5795 
13.566 
13.5524 
13.5389 
13.5255 
13.512 
13.4986 
13.4853 
13.4719 
13.4586 
13.4453 
13.4321 
13.4189 
13.4057 
13.3926 
13.3795 
13.3664 
13.3534 
13.3404 
13.3274 
13.3145 
13.3016 
13.2887 
13.2759 
13.2631 
13.2503 
13.2376 
13.2249 
13.2123 
13.1996 
13.187 
13.1745 
13.1619 
13.1495 
13.137 
13.1246 
13.1122 
13.0998 
13.0875 
13.0752 
13.063 
13.0508 
13.0386 
13.0265 
13.0144 
13.0023 
12.9902 
12.9782 
12.9663 
12.9543 
12.9424 
12.9306 
12.9187 
12.9069 
12.8952 
12.8835 
12.8718 
12.8601 
12.8485 
12.8369 
12.8254 
12.8139 
12.8024 
12.7909 
12.7795 
12.7682 
12.7568 
12.7455 
12.7343 
12.723 
12.7118 
12.7007 
12.6896 
12.6785 
12.6674 
12.6564 
12.6454 
12.6345 
12.6236 
12.6127 
12.6019 
12.5911 
12.5803 
12.5696 
12.5589 
12.5483 
12.5377 
12.5271 
12.5165 
12.506 
12.4956 
12.4851 
12.4747 
12.4644 
12.454 
12.4438 
12.4335 
12.4233 
12.4131 
12.403 
12.3929 
12.3828 
12.3728 
12.3628 
12.3528 
12.3429 
12.333 
12.3232 
12.3133 
12.3036 
12.2938 
12.2841 
12.2745 
12.2648 
12.2553 
12.2457 
12.2362 
12.2267 
12.2173 
12.2079 
12.1985 
12.1892 
12.1799 
12.1706 
12.1614 
12.1522 
12.1431 
12.134 
12.1249 
12.1159 
12.1069 
12.0979 
12.089 
12.0801 
12.0713 
12.0625 
12.0537 
12.0449 
12.0363 
12.0276 
12.019 
12.0104 
12.0018 
11.9933 
11.9849 
11.9764 
11.968 
11.9597 
11.9514 
11.9431 
11.9348 
11.9266 
11.9184 
11.9103 
11.9022 
11.8942 
11.8861 
11.8782 
11.8702 
11.8623 
11.8544 
11.8466 
11.8388 
11.831 
11.8233 
11.8156 
11.808 
11.8004 
11.7928 
11.7853 
11.7778 
11.7703 
11.7629 
11.7555 
11.7482 
11.7409 
11.7336 
11.7264 
11.7192 
11.712 
11.7049 
11.6978 
11.6908 
11.6838 
11.6768 
11.6699 
11.663 
11.6561 
11.6493 
11.6425 
11.6358 
11.6291 
11.6224 
11.6158 
11.6092 
11.6026 
11.5961 
11.5896 
11.5832 
11.5768 
11.5704 
11.5641 
11.5578 
11.5515 
11.5453 
11.5391 
11.533 
11.5269 
11.5208 
11.5148 
11.5088 
11.5028 
11.4969 
11.491 
11.4851 
11.4793 
11.4735 
11.4678 
11.4621 
11.4564 
11.4508 
11.4452 
11.4397 
11.4341 
11.4287 
11.4232 
11.4178 
11.4124 
11.4071 
11.4018 
11.3965 
11.3913 
11.3861 
11.381 
11.3758 
11.3708 
11.3657 
11.3607 
11.3557 
11.3508 
11.3459 
11.341 
11.3362 
11.3314 
11.3266 
11.3219 
11.3172 
11.3126 
11.308 
11.3034 
11.2988 
11.2943 
11.2899 
11.2854 
11.281 
11.2767 
11.2723 
11.268 
11.2638 
11.2595 
11.2554 
11.2512 
11.2471 
11.243 
11.2389 
11.2349 
11.231 
11.227 
11.2231 
11.2192 
11.2154 
11.2116 
11.2078 
11.2041 
11.2003 
11.1967 
11.193 
11.1894 
11.1859 
11.1823 
11.1788 
11.1754 
11.1719 
11.1685 
11.1652 
11.1618 
11.1585 
11.1553 
11.152 
11.1488 
