0 
99.4295 
264.536 
390.046 
490.471 
574.946 
649.008 
715.967 
777.806 
835.743 
890.553 
942.746 
992.667 
1040.55 
1086.58 
1130.86 
1173.48 
1214.52 
1254.03 
1292.06 
1328.64 
1363.83 
1397.65 
1430.14 
1461.35 
1491.31 
1520.07 
1547.66 
1574.12 
1599.51 
1623.85 
1647.19 
1669.57 
1691.04 
1711.63 
1731.39 
1750.34 
1768.53 
1786 
1802.77 
1818.89 
1834.37 
1849.27 
1863.59 
1877.37 
1890.64 
1903.42 
1915.74 
1927.61 
1939.05 
1950.1 
1960.75 
1971.04 
1980.98 
1990.59 
1999.87 
2008.85 
2017.53 
2025.93 
2034.07 
2041.95 
2049.58 
2056.98 
2064.15 
2071.1 
2077.84 
2084.39 
2090.74 
2096.91 
2102.9 
2108.72 
2114.38 
2119.88 
2125.23 
2130.44 
2135.5 
2140.43 
2145.23 
2149.9 
2154.46 
2158.89 
2163.22 
2167.44 
2171.55 
2175.56 
2179.48 
2183.3 
2187.03 
2190.67 
2194.22 
2197.7 
2201.09 
2204.41 
2207.65 
2210.82 
2213.92 
2216.95 
2219.92 
2222.82 
2225.66 
2228.44 
2231.16 
2233.82 
2236.43 
2238.99 
2241.49 
2243.94 
2246.35 
2248.7 
2251.01 
2253.28 
2255.5 
2257.68 
2259.81 
2261.91 
2263.97 
2265.99 
2267.97 
2269.91 
2271.82 
2273.7 
2275.54 
2277.35 
2279.12 
2280.87 
2282.59 
2284.27 
2285.93 
2287.56 
2289.16 
2290.73 
2292.28 
2293.8 
2295.3 
2296.77 
2298.22 
2299.65 
2301.05 
2302.43 
2303.79 
2305.13 
2306.45 
2307.74 
2309.02 
2310.28 
2311.52 
2312.74 
2313.94 
2315.12 
2316.29 
2317.44 
2318.57 
2319.69 
2320.79 
2321.88 
2322.95 
2324.01 
2325.05 
2326.07 
2327.09 
2328.09 
2329.07 
2330.04 
2331 
2331.95 
2332.89 
2333.81 
2334.72 
2335.62 
2336.5 
2337.38 
2338.25 
2339.1 
2339.94 
2340.78 
2341.6 
2342.41 
2343.22 
2344.01 
2344.79 
2345.57 
2346.33 
2347.09 
2347.84 
2348.58 
2349.31 
2350.03 
2350.75 
2351.45 
2352.15 
2352.84 
2353.53 
2354.2 
2354.87 
2355.53 
2356.19 
2356.83 
2357.47 
2358.11 
2358.73 
2359.35 
2359.97 
2360.57 
2361.18 
2361.77 
2362.36 
2362.94 
2363.52 
2364.09 
2364.66 
2365.22 
2365.77 
2366.32 
2366.87 
2367.4 
2367.94 
2368.47 
2368.99 
2369.51 
2370.02 
2370.53 
2371.04 
2371.53 
2372.03 
2372.52 
2373.01 
2373.49 
2373.96 
2374.44 
2374.9 
2375.37 
2375.83 
2376.28 
2376.74 
2377.18 
2377.63 
2378.07 
2378.51 
2378.94 
2379.37 
2379.79 
2380.21 
2380.63 
2381.04 
2381.45 
2381.86 
2382.27 
2382.67 
2383.06 
2383.46 
2383.85 
2384.23 
2384.62 
2385 
2385.37 
2385.75 
2386.12 
2386.49 
2386.85 
2387.21 
2387.57 
2387.93 
2388.28 
2388.63 
2388.98 
2389.32 
2389.67 
2390 
2390.34 
2390.67 
2391 
2391.33 
2391.66 
2391.98 
2392.3 
2392.62 
2392.93 
2393.24 
2393.55 
2393.86 
2394.16 
2394.46 
2394.76 
2395.06 
2395.36 
2395.65 
2395.94 
2396.22 
2396.51 
2396.79 
2397.07 
2397.35 
2397.62 
2397.9 
2398.17 
2398.44 
2398.7 
2398.97 
2399.23 
2399.49 
2399.75 
2400 
2400.25 
2400.51 
2400.75 
2401 
2401.24 
2401.49 
2401.73 
2401.97 
2402.2 
2402.43 
2402.67 
2402.9 
2403.12 
2403.35 
2403.57 
2403.79 
2404.01 
2404.23 
2404.45 
2404.66 
2404.87 
2405.08 
2405.29 
2405.49 
2405.7 
2405.9 
2406.1 
2406.3 
2406.49 
2406.69 
2406.88 
2407.07 
2407.26 
2407.44 
2407.63 
2407.81 
2407.99 
2408.17 
2408.35 
2408.52 
2408.7 
2408.87 
2409.04 
2409.21 
2409.37 
2409.54 
2409.7 
2409.86 
2410.02 
2410.17 
2410.33 
2410.48 
2410.63 
2410.78 
2410.93 
2411.08 
2411.22 
2411.36 
2411.5 
2411.64 
2411.78 
2411.92 
2412.05 
2412.18 
2412.31 
2412.44 
2412.57 
2412.69 
2412.82 
2412.94 
2413.06 
2413.18 
2413.29 
2413.41 
2413.52 
2413.63 
2413.74 
2413.85 
2413.96 
2414.06 
2414.16 
2414.26 
2414.36 
2414.46 
2414.56 
2414.65 
2414.74 
2414.84 
2414.92 
2415.01 
2415.1 
2415.18 
2415.27 
2415.35 
2415.43 
2415.5 
2415.58 
2415.66 
2415.73 
2415.8 
2415.87 
2415.94 
2416 
2416.07 
2416.13 
2416.19 
2416.25 
2416.31 
2416.37 
2416.42 
2416.48 
2416.53 
2416.58 
2416.63 
2416.67 
2416.72 
2416.76 
2416.81 
2416.85 
2416.88 
2416.92 
2416.96 
2416.99 
2417.02 
2417.06 
2417.09 
2417.11 
2417.14 
2417.16 
2417.19 
2417.21 
2417.23 
2417.25 
2417.27 
2417.28 
2417.29 
2417.31 
2417.32 
2417.33 
2417.33 
2417.34 
2417.35 
2417.35 
2417.35 
2417.35 
2417.35 
2417.35 
2417.34 
2417.34 
2417.33 
2417.32 
2417.31 
2417.3 
2417.28 
2417.27 
2417.25 
2417.24 
2417.22 
2417.2 
2417.17 
2417.15 
2417.13 
2417.1 
2417.07 
2417.04 
2417.01 
2416.98 
2416.95 
2416.91 
2416.88 
2416.84 
2416.8 
2416.76 
2416.72 
2416.68 
2416.63 
2416.59 
2416.54 
2416.49 
2416.45 
2416.4 
2416.35 
2416.29 
2416.24 
2416.19 
2416.13 
2416.07 
2416.02 
2415.96 
2415.9 
2415.84 
2415.78 
2415.71 
2415.65 
2415.59 
2415.52 
2415.46 
2415.39 
2415.32 
2415.25 
2415.18 
2415.12 
2415.05 
2414.98 
2414.91 
2414.83 
2414.76 
2414.69 
2414.62 
2414.55 
2414.47 
2414.4 
2414.33 
2414.26 
2414.18 
2414.11 
2414.04 
2413.97 
2413.89 
2413.82 
2413.75 
2413.68 
2413.61 
2413.54 
2413.48 
2413.41 
2413.34 
2413.28 
2413.21 
2413.15 
2413.09 
2413.03 
2412.97 
2412.92 
2412.86 
2412.81 
2412.76 
2412.71 
2412.67 
2412.63 
2412.59 
2412.55 
2412.51 
2412.48 
2412.45 
2412.43 
2412.41 
2412.39 
2412.38 
2412.37 
2412.36 
2412.36 
2412.37 
2412.37 
2412.39 
2412.41 
2412.43 
2412.46 
2412.5 
2412.54 
2412.58 
2412.64 
2412.7 
2412.77 
2412.84 
2412.92 
2413.01 
2413.11 
2413.22 
2413.33 
2413.45 
2413.58 
2413.72 
2413.87 
2414.03 
2414.2 
2414.38 
2414.57 
2414.77 
2414.98 
2415.21 
2415.44 
2415.69 
2415.95 
2416.22 
2416.5 
2416.8 
2417.11 
2417.43 
2417.77 
2418.12 
2418.49 
2418.87 
2419.27 
2419.68 
2420.11 
2420.55 
2421.01 
2421.49 
2421.98 
2422.5 
2423.02 
2423.57 
2424.14 
2424.72 
2425.33 
2425.95 
2426.59 
2427.25 
2427.93 
2428.64 
2429.36 
2430.1 
2430.87 
2431.65 
2432.46 
2433.29 
2434.14 
2435.02 
2435.92 
2436.84 
2437.78 
2438.75 
2439.74 
2440.75 
2441.79 
2442.85 
2443.94 
2445.05 
2446.19 
2447.35 
2448.53 
2449.74 
2450.98 
2452.24 
2453.53 
2454.84 
2456.18 
2457.54 
2458.93 
2460.34 
2461.78 
2463.25 
2464.74 
2466.26 
2467.8 
2469.37 
2470.97 
2472.59 
2474.23 
2475.9 
2477.6 
2479.32 
2481.06 
2482.83 
2484.63 
2486.44 
2488.29 
2490.15 
2492.04 
2493.96 
2495.89 
2497.85 
2499.83 
2501.83 
2503.86 
2505.9 
2507.97 
2510.05 
2512.16 
2514.28 
2516.43 
2518.59 
2520.77 
2522.97 
2525.19 
2527.42 
2529.67 
2531.93 
2534.21 
2536.51 
2538.81 
2541.13 
2543.47 
2545.81 
2548.16 
2550.53 
2552.9 
2555.29 
2557.68 
2560.08 
2562.48 
2564.89 
2567.31 
2569.73 
2572.16 
2574.59 
2577.02 
2579.45 
2581.88 
2584.31 
2586.74 
2589.17 
2591.59 
2594.02 
2596.43 
2598.84 
2601.25 
2603.65 
2606.04 
2608.42 
2610.79 
2613.15 
2615.5 
2617.83 
2620.16 
2622.47 
2624.76 
2627.04 
2629.3 
2631.54 
2633.77 
2635.98 
2638.16 
2640.33 
2642.47 
2644.59 
2646.69 
2648.76 
2650.81 
2652.83 
2654.82 
2656.79 
2658.73 
2660.64 
2662.52 
2664.37 
2666.19 
2667.98 
2669.73 
2671.45 
2673.14 
2674.79 
2676.41 
2677.99 
2679.54 
2681.05 
2682.52 
2683.95 
2685.34 
2686.7 
2688.01 
2689.28 
2690.52 
2691.71 
2692.86 
2693.97 
2695.03 
2696.05 
2697.03 
2697.97 
2698.86 
2699.7 
2700.51 
2701.26 
2701.98 
2702.64 
2703.26 
2703.84 
2704.37 
2704.85 
2705.29 
2705.68 
2706.02 
2706.32 
2706.57 
2706.78 
2706.93 
2707.05 
2707.11 
2707.13 
2707.1 
2707.02 
2706.9 
2706.73 
2706.52 
2706.26 
2705.95 
2705.6 
2705.21 
2704.76 
2704.28 
2703.74 
2703.17 
2702.55 
2701.88 
2701.18 
2700.43 
2699.63 
2698.8 
2697.92 
2697 
2696.04 
2695.04 
2694 
2692.91 
2691.79 
2690.63 
2689.43 
2688.2 
2686.92 
2685.61 
2684.27 
2682.88 
2681.47 
2680.01 
2678.53 
2677.01 
2675.45 
2673.87 
2672.25 
2670.61 
2668.93 
2667.22 
2665.48 
2663.72 
2661.92 
2660.1 
2658.26 
2656.38 
2654.48 
2652.56 
2650.61 
2648.65 
2646.65 
2644.64 
2642.6 
2640.55 
2638.47 
2636.38 
2634.27 
2632.14 
2629.99 
2627.83 
2625.65 
2623.45 
2621.25 
2619.03 
2616.79 
2614.54 
2612.29 
2610.02 
2607.74 
2605.45 
2603.15 
2600.85 
2598.53 
2596.21 
2593.89 
2591.55 
2589.22 
2586.87 
2584.53 
2582.18 
2579.83 
2577.47 
2575.12 
2572.76 
2570.41 
2568.05 
2565.7 
2563.34 
2560.99 
2558.64 
2556.3 
2553.96 
2551.62 
2549.28 
2546.95 
2544.63 
2542.31 
2540 
2537.7 
2535.4 
2533.11 
2530.83 
2528.56 
2526.29 
2524.04 
2521.79 
2519.56 
2517.34 
2515.12 
2512.92 
2510.73 
2508.55 
2506.39 
2504.23 
2502.09 
2499.96 
2497.85 
2495.75 
2493.66 
2491.59 
2489.53 
2487.48 
2485.46 
2483.44 
2481.44 
2479.46 
2477.49 
2475.54 
2473.6 
2471.69 
2469.78 
2467.9 
2466.03 
2464.17 
2462.34 
2460.52 
2458.71 
2456.93 
2455.16 
2453.41 
2451.68 
2449.96 
2448.26 
2446.58 
2444.92 
2443.27 
2441.65 
2440.04 
2438.45 
2436.87 
2435.31 
2433.78 
2432.26 
2430.75 
2429.27 
2427.8 
2426.35 
2424.92 
2423.5 
2422.11 
2420.73 
2419.37 
2418.02 
2416.7 
2415.39 
2414.1 
2412.82 
2411.56 
2410.32 
2409.1 
2407.89 
2406.7 
2405.53 
2404.37 
2403.23 
2402.11 
2401 
2399.91 
2398.84 
2397.78 
2396.73 
2395.71 
2394.7 
2393.7 
2392.72 
2391.75 
2390.8 
2389.87 
2388.95 
2388.04 
2387.15 
2386.28 
2385.41 
2384.57 
2383.73 
2382.91 
2382.11 
2381.32 
2380.54 
2379.78 
2379.02 
2378.29 
2377.56 
2376.85 
2376.15 
2375.46 
2374.79 
2374.13 
2373.48 
2372.84 
2372.22 
2371.61 
2371 
2370.41 
2369.84 
2369.27 
2368.71 
2368.17 
2367.64 
2367.11 
2366.6 
2366.1 
2365.61 
2365.13 
2364.66 
2364.2 
2363.75 
2363.31 
2362.88 
2362.46 
2362.05 
2361.65 
2361.25 
2360.87 
2360.5 
2360.13 
2359.78 
2359.43 
2359.09 
2358.76 
2358.44 
2358.13 
2357.82 
2357.53 
2357.24 
2356.96 
2356.69 
2356.42 
2356.17 
2355.92 
2355.68 
2355.44 
2355.22 
2355 
2354.79 
2354.59 
2354.39 
2354.2 
2354.02 
2353.84 
2353.68 
2353.51 
2353.36 
2353.21 
2353.07 
2352.94 
2352.81 
2352.69 
2352.58 
2352.47 
2352.37 
2352.28 
2352.19 
2352.11 
2352.03 
2351.96 
2351.9 
2351.84 
2351.79 
2351.75 
2351.71 
2351.68 
2351.65 
2351.64 
2351.62 
2351.62 
2351.62 
2351.62 
2351.63 
2351.65 
2351.67 
2351.7 
2351.74 
2351.78 
2351.83 
2351.88 
2351.94 
2352.01 
2352.08 
2352.16 
2352.25 
2352.34 
2352.43 
2352.54 
2352.65 
2352.76 
2352.88 
2353.01 
2353.15 
2353.29 
2353.43 
2353.59 
2353.75 
2353.91 
2354.09 
2354.27 
2354.45 
2354.64 
2354.84 
2355.05 
2355.26 
2355.48 
2355.7 
2355.94 
2356.18 
2356.42 
2356.68 
2356.94 
2357.2 
2357.48 
2357.76 
2358.05 
2358.34 
2358.64 
2358.95 
2359.27 
2359.6 
2359.93 
2360.27 
2360.61 
2360.97 
2361.33 
2361.7 
2362.08 
2362.46 
2362.86 
2363.26 
2363.67 
2364.08 
2364.51 
2364.94 
2365.38 
2365.83 
2366.29 
2366.75 
2367.23 
2367.71 
2368.2 
2368.7 
2369.21 
2369.72 
2370.25 
2370.78 
2371.32 
2371.87 
2372.43 
2373 
2373.58 
2374.17 
2374.76 
2375.37 
2375.98 
2376.6 
2377.23 
2377.87 
2378.52 
2379.18 
2379.85 
2380.53 
2381.22 
2381.91 
2382.62 
2383.34 
2384.06 
2384.79 
2385.54 
2386.29 
2387.05 
2387.83 
2388.61 
2389.4 
2390.2 
2391.01 
2391.84 
2392.67 
2393.51 
2394.36 
2395.22 
2396.09 
2396.97 
2397.86 
2398.76 
2399.66 
2400.58 
2401.51 
2402.45 
2403.4 
2404.36 
2405.32 
2406.3 
2407.29 
2408.29 
2409.29 
2410.31 
2411.34 
2412.37 
2413.42 
2414.48 
2415.54 
2416.62 
2417.7 
2418.8 
2419.9 
2421.01 
2422.14 
2423.27 
2424.41 
2425.56 
2426.72 
2427.9 
2429.08 
2430.26 
2431.46 
2432.67 
2433.89 
2435.11 
2436.35 
2437.6 
2438.85 
2440.11 
2441.38 
2442.66 
2443.95 
2445.25 
2446.56 
2447.88 
2449.2 
2450.53 
2451.88 
2453.23 
2454.59 
2455.95 
2457.33 
2458.71 
2460.11 
2461.51 
2462.92 
2464.33 
2465.76 
2467.19 
2468.64 
2470.09 
2471.54 
2473.01 
2474.48 
2475.96 
2477.45 
2478.95 
2480.45 
2481.96 
2483.48 
2485.01 
2486.54 
2488.09 
2489.63 
2491.19 
2492.75 
2494.33 
2495.9 
2497.49 
2499.08 
2500.68 
2502.29 
2503.9 
2505.52 
2507.15 
2508.79 
2510.43 
2512.08 
2513.73 
2515.39 
2517.06 
2518.74 
2520.42 
2522.11 
2523.81 
2525.51 
2527.23 
2528.94 
2530.67 
2532.4 
2534.14 
2535.88 
2537.63 
2539.39 
2541.16 
2542.93 
2544.71 
2546.5 
2548.29 
2550.09 
2551.9 
2553.72 
2555.54 
2557.37 
2559.21 
2561.05 
2562.9 
2564.76 
2566.63 
2568.5 
2570.39 
2572.28 
2574.17 
2576.08 
2577.99 
2579.91 
2581.84 
2583.78 
2585.73 
2587.68 
2589.65 
2591.62 
2593.6 
2595.59 
2597.58 
2599.59 
2601.61 
2603.63 
2605.67 
2607.71 
2609.77 
2611.83 
2613.9 
2615.99 
2618.08 
2620.19 
2622.3 
2624.43 
2626.56 
2628.71 
2630.87 
2633.04 
2635.22 
2637.41 
2639.62 
2641.83 
2644.06 
2646.3 
2648.55 
2650.82 
2653.1 
2655.39 
2657.69 
2660.01 
2662.34 
2664.69 
2667.05 
2669.42 
2671.81 
2674.21 
2676.62 
2679.05 
2681.5 
2683.96 
2686.44 
2688.93 
2691.44 
2693.97 
2696.51 
2699.06 
2701.64 
2704.23 
2706.84 
2709.46 
2712.11 
2714.77 
2717.45 
2720.14 
2722.86 
2725.59 
2728.35 
2731.12 
2733.91 
2736.72 
2739.55 
2742.4 
2745.27 
2748.16 
2751.07 
2754 
2756.95 
2759.93 
2762.92 
2765.94 
2768.98 
2772.04 
2775.12 
2778.22 
2781.35 
2784.5 
2787.67 
2790.87 
2794.09 
2797.33 
2800.6 
2803.89 
2807.2 
2810.54 
2813.9 
2817.29 
2820.7 
2824.14 
2827.6 
2831.08 
2834.6 
2838.13 
2841.7 
2845.29 
2848.9 
2852.54 
2856.21 
2859.91 
2863.63 
2867.37 
2871.15 
2874.95 
2878.78 
2882.64 
2886.52 
2890.43 
2894.37 
2898.33 
2902.33 
2906.35 
2910.4 
2914.48 
2918.58 
2922.72 
2926.88 
2931.07 
2935.29 
2939.54 
2943.82 
2948.12 
2952.46 
2956.82 
2961.21 
2965.63 
2970.08 
2974.56 
2979.07 
2983.61 
2988.18 
2992.77 
2997.4 
3002.05 
3006.74 
3011.45 
3016.19 
3020.97 
3025.77 
3030.6 
3035.46 
3040.35 
3045.27 
3050.21 
3055.19 
3060.2 
3065.23 
3070.3 
3075.39 
3080.51 
3085.66 
3090.84 
3096.05 
3101.29 
3106.56 
3111.85 
3117.18 
3122.53 
3127.91 
3133.32 
3138.76 
3144.22 
3149.71 
3155.24 
3160.79 
3166.36 
3171.97 
3177.6 
3183.26 
3188.95 
3194.66 
3200.4 
3206.17 
3211.97 
3217.79 
3223.64 
3229.51 
3235.41 
3241.34 
3247.29 
3253.27 
3259.28 
3265.31 
3271.36 
3277.44 
3283.55 
3289.68 
3295.83 
3302.01 
3308.21 
3314.44 
3320.69 
3326.96 
3333.26 
3339.58 
3345.92 
3352.29 
3358.68 
3365.09 
3371.52 
3377.98 
3384.46 
3390.96 
3397.48 
3404.02 
3410.58 
3417.16 
3423.76 
3430.39 
3437.03 
3443.69 
3450.38 
3457.08 
3463.8 
3470.54 
3477.29 
3484.07 
3490.86 
3497.68 
3504.51 
3511.35 
3518.21 
3525.09 
3531.99 
3538.9 
3545.83 
3552.78 
3559.74 
3566.71 
3573.7 
3580.71 
3587.72 
3594.76 
3601.8 
3608.86 
3615.94 
3623.02 
3630.12 
3637.23 
3644.36 
3651.49 
3658.64 
3665.8 
3672.97 
3680.15 
3687.34 
3694.54 
3701.76 
3708.98 
3716.21 
3723.45 
3730.7 
3737.95 
3745.22 
3752.49 
3759.78 
3767.07 
3774.36 
3781.67 
3788.98 
3796.29 
3803.61 
3810.94 
3818.28 
3825.62 
3832.96 
3840.31 
3847.66 
3855.02 
3862.38 
3869.75 
3877.12 
3884.49 
3891.86 
3899.24 
3906.62 
3914 
3921.38 
3928.77 
3936.15 
3943.54 
3950.93 
3958.32 
3965.71 
3973.09 
3980.48 
3987.87 
3995.26 
4002.64 
4010.02 
4017.41 
4024.79 
4032.17 
4039.54 
4046.92 
4054.29 
4061.65 
4069.02 
4076.38 
4083.74 
4091.09 
4098.44 
4105.78 
4113.12 
4120.45 
4127.78 
4135.11 
4142.42 
4149.73 
4157.04 
4164.34 
4171.63 
4178.92 
4186.2 
4193.47 
4200.73 
4207.99 
4215.23 
4222.47 
4229.71 
4236.93 
4244.14 
4251.35 
4258.55 
4265.73 
4272.91 
4280.08 
4287.24 
4294.38 
4301.52 
4308.65 
4315.76 
4322.87 
4329.96 
4337.04 
4344.12 
4351.18 
4358.22 
4365.26 
4372.28 
4379.29 
4386.29 
4393.28 
4400.25 
4407.21 
4414.16 
4421.1 
4428.02 
4434.92 
4441.82 
4448.7 
4455.56 
4462.41 
4469.25 
4476.07 
4482.88 
4489.67 
4496.45 
4503.21 
4509.96 
4516.69 
4523.41 
4530.11 
4536.8 
4543.46 
4550.12 
4556.76 
4563.38 
4569.98 
4576.57 
4583.14 
4589.7 
4596.23 
4602.76 
4609.26 
4615.75 
4622.22 
4628.67 
4635.1 
4641.52 
4647.92 
4654.3 
4660.67 
4667.01 
4673.34 
4679.65 
4685.94 
4692.21 
4698.47 
4704.7 
4710.92 
4717.12 
4723.3 
4729.46 
4735.6 
4741.72 
4747.82 
4753.91 
4759.97 
4766.02 
4772.04 
4778.05 
4784.04 
4790 
4795.95 
4801.87 
4807.78 
4813.67 
4819.53 
4825.38 
4831.21 
4837.01 
4842.8 
4848.56 
4854.31 
4860.03 
4865.73 
4871.41 
4877.07 
4882.72 
4888.33 
4893.93 
4899.51 
4905.06 
4910.6 
4916.11 
4921.6 
4927.07 
4932.52 
4937.95 
4943.35 
4948.74 
4954.1 
4959.44 
4964.76 
4970.05 
4975.33 
4980.58 
4985.81 
4991.01 
4996.2 
5001.36 
5006.5 
5011.62 
5016.71 
5021.78 
5026.83 
5031.86 
5036.86 
5041.84 
5046.8 
5051.73 
5056.64 
5061.53 
5066.39 
5071.23 
5076.05 
5080.84 
5085.61 
5090.36 
5095.08 
5099.78 
5104.45 
5109.1 
5113.73 
5118.33 
5122.91 
5127.46 
5131.99 
5136.49 
5140.97 
5145.42 
5149.85 
5154.25 
5158.63 
5162.99 
5167.31 
5171.62 
5175.89 
5180.15 
5184.37 
5188.57 
5192.75 
5196.9 
5201.02 
5205.11 
5209.18 
5213.23 
5217.25 
5221.24 
5225.2 
5229.14 
5233.05 
5236.93 
5240.78 
5244.61 
5248.41 
5252.19 
5255.93 
5259.65 
5263.34 
5267 
5270.64 
5274.24 
5277.82 
5281.37 
5284.89 
5288.38 
5291.84 
5295.27 
5298.67 
5302.05 
5305.39 
5308.71 
5311.99 
5315.25 
5318.47 
5321.67 
5324.83 
5327.97 
5331.07 
5334.14 
5337.18 
5340.19 
5343.17 
5346.12 
5349.04 
5351.92 
5354.77 
5357.59 
5360.38 
5363.14 
5365.86 
5368.55 
5371.21 
5373.83 
5376.42 
5378.98 
5381.51 
5384 
5386.45 
5388.88 
5391.26 
5393.62 
5395.94 
5398.22 
5400.47 
5402.69 
5404.86 
5407.01 
5409.12 
5411.19 
5413.22 
5415.22 
5417.19 
5419.12 
5421.01 
5422.86 
5424.67 
5426.45 
5428.2 
5429.9 
5431.56 
5433.19 
5434.78 
5436.33 
5437.85 
5439.32 
5440.76 
5442.15 
5443.51 
5444.82 
5446.1 
5447.34 
5448.54 
5449.69 
5450.81 
5451.88 
5452.92 
5453.91 
5454.87 
5455.78 
5456.65 
5457.47 
5458.26 
5459 
5459.7 
5460.36 
5460.98 
5461.55 
5462.08 
5462.57 
5463.01 
5463.41 
5463.77 
5464.08 
5464.34 
5464.57 
5464.75 
5464.88 
5464.97 
5465.01 
5465.01 
5464.96 
5464.87 
5464.73 
5464.55 
5464.32 
5464.04 
5463.72 
5463.35 
5462.93 
5462.46 
5461.95 
5461.39 
5460.79 
5460.13 
5459.43 
5458.68 
5457.88 
5457.04 
5456.14 
5455.2 
5454.21 
5453.16 
5452.07 
5450.93 
5449.75 
5448.51 
5447.22 
5445.88 
5444.49 
5443.05 
5441.57 
5440.03 
5438.44 
5436.8 
5435.11 
5433.37 
5431.57 
5429.73 
5427.84 
5425.89 
5423.89 
5421.84 
5419.74 
5417.59 
5415.38 
5413.12 
5410.82 
5408.45 
5406.04 
5403.57 
5401.05 
5398.48 
5395.86 
5393.18 
5390.45 
5387.67 
5384.83 
5381.94 
5379 
5376 
5372.95 
5369.85 
5366.69 
5363.48 
5360.22 
5356.9 
5353.53 
5350.1 
5346.62 
5343.09 
5339.5 
5335.86 
5332.17 
5328.42 
5324.61 
5320.75 
5316.84 
5312.88 
5308.86 
5304.78 
5300.65 
5296.47 
5292.23 
5287.94 
5283.59 
5279.19 
5274.74 
5270.23 
5265.67 
5261.05 
5256.38 
5251.65 
5246.87 
5242.03 
5237.14 
5232.2 
5227.2 
5222.15 
5217.04 
5211.88 
5206.67 
5201.4 
5196.08 
5190.7 
5185.27 
5179.79 
5174.25 
5168.66 
5163.02 
5157.32 
5151.57 
5145.76 
5139.9 
5133.99 
5128.03 
5122.01 
5115.94 
5109.82 
5103.64 
5097.41 
5091.13 
5084.79 
5078.41 
5071.97 
5065.48 
5058.93 
5052.34 
5045.69 
5038.99 
5032.24 
5025.44 
5018.59 
5011.68 
5004.73 
4997.72 
4990.66 
4983.55 
4976.4 
4969.19 
4961.93 
4954.62 
4947.26 
4939.85 
4932.39 
4924.88 
4917.33 
4909.72 
4902.07 
4894.36 
4886.61 
4878.81 
4870.96 
4863.06 
4855.12 
4847.12 
4839.08 
4830.99 
4822.86 
4814.68 
4806.45 
4798.17 
4789.85 
4781.49 
4773.07 
4764.61 
4756.11 
4747.56 
4738.96 
4730.32 
4721.64 
4712.91 
4704.14 
4695.32 
4686.46 
4677.56 
4668.61 
4659.62 
4650.58 
4641.51 
4632.39 
4623.23 
4614.03 
4604.78 
4595.5 
4586.17 
4576.8 
4567.39 
4557.94 
4548.45 
4538.92 
4529.36 
4519.75 
4510.1 
4500.41 
4490.69 
4480.92 
4471.12 
4461.28 
4451.4 
4441.49 
4431.53 
4421.55 
4411.52 
4401.46 
4391.36 
4381.22 
4371.05 
4360.85 
4350.61 
4340.33 
4330.02 
4319.68 
4309.3 
4298.89 
4288.45 
4277.97 
4267.46 
4256.91 
4246.34 
4235.73 
4225.09 
4214.42 
4203.72 
4192.98 
4182.22 
4171.43 
4160.6 
4149.75 
4138.86 
4127.95 
4117.01 
4106.04 
4095.04 
4084.01 
4072.96 
4061.88 
4050.77 
4039.63 
4028.47 
4017.28 
4006.06 
3994.82 
3983.55 
3972.26 
3960.95 
3949.6 
3938.24 
3926.85 
3915.43 
3904 
3892.54 
3881.05 
3869.55 
3858.02 
3846.47 
3834.9 
3823.31 
3811.69 
3800.06 
3788.4 
3776.73 
3765.03 
3753.31 
3741.58 
3729.83 
3718.05 
3706.26 
3694.45 
3682.63 
3670.78 
3658.92 
3647.04 
3635.15 
3623.23 
3611.31 
3599.36 
3587.4 
3575.43 
3563.44 
3551.44 
3539.42 
3527.39 
3515.34 
3503.28 
3491.21 
3479.13 
3467.03 
3454.92 
3442.8 
3430.66 
3418.52 
3406.36 
3394.2 
3382.02 
3369.83 
3357.64 
3345.43 
3333.22 
3320.99 
3308.76 
3296.52 
3284.27 
3272.01 
3259.75 
3247.48 
3235.2 
3222.91 
3210.62 
3198.33 
3186.02 
3173.72 
3161.4 
3149.08 
3136.76 
3124.44 
3112.11 
3099.77 
3087.44 
3075.1 
3062.76 
3050.41 
3038.06 
3025.72 
3013.37 
3001.02 
2988.66 
2976.31 
2963.96 
2951.61 
2939.25 
2926.9 
2914.55 
2902.2 
2889.86 
2877.51 
2865.17 
2852.82 
2840.49 
2828.15 
2815.82 
2803.49 
2791.17 
2778.85 
2766.53 
2754.22 
2741.91 
2729.61 
2717.32 
2705.03 
2692.75 
2680.47 
2668.2 
2655.94 
2643.68 
2631.44 
2619.2 
2606.97 
2594.75 
2582.54 
2570.33 
2558.14 
2545.95 
2533.78 
2521.62 
2509.47 
2497.32 
2485.19 
2473.07 
2460.97 
2448.87 
2436.79 
2424.72 
2412.67 
2400.62 
2388.59 
2376.58 
2364.58 
2352.59 
2340.62 
2328.66 
2316.72 
2304.8 
2292.89 
2280.99 
2269.12 
2257.26 
2245.41 
2233.59 
2221.78 
2209.99 
2198.22 
2186.47 
2174.73 
2163.02 
2151.32 
2139.65 
2127.99 
2116.35 
2104.74 
2093.15 
2081.57 
2070.02 
2058.49 
2046.98 
2035.5 
2024.03 
2012.59 
2001.18 
1989.78 
1978.41 
1967.07 
1955.75 
1944.45 
1933.18 
1921.93 
1910.71 
1899.51 
1888.34 
1877.2 
1866.08 
1854.99 
1843.92 
1832.89 
1821.88 
1810.9 
1799.94 
1789.02 
1778.12 
1767.26 
1756.42 
1745.61 
1734.83 
1724.08 
1713.37 
1702.68 
1692.02 
1681.4 
1670.8 
1660.24 
1649.71 
1639.22 
1628.75 
1618.32 
1607.92 
1597.55 
1587.22 
1576.93 
1566.66 
1556.43 
1546.24 
1536.08 
1525.96 
1515.87 
1505.81 
1495.8 
1485.82 
1475.88 
1465.97 
1456.1 
1446.27 
1436.48 
1426.72 
1417.01 
1407.33 
1397.69 
1388.09 
1378.53 
1369.01 
1359.53 
1350.09 
1340.69 
1331.33 
1322.02 
1312.74 
1303.51 
1294.32 
1285.17 
1276.07 
1267 
1257.98 
1249.01 
1240.08 
1231.19 
1222.35 
1213.55 
1204.79 
1196.09 
1187.43 
1178.81 
1170.24 
1161.72 
1153.24 
1144.82 
1136.43 
1128.1 
1119.82 
1111.58 
1103.4 
1095.26 
1087.17 
1079.13 
1071.15 
1063.21 
1055.32 
1047.49 
1039.71 
1031.97 
1024.3 
1016.67 
1009.1 
1001.58 
994.111 
986.7 
979.342 
972.04 
964.792 
957.6 
950.464 
943.385 
936.362 
929.396 
922.487 
915.636 
908.844 
902.11 
895.435 
888.819 
882.263 
875.767 
869.331 
862.957 
856.643 
850.391 
844.202 
838.075 
832.01 
826.009 
820.072 
814.198 
808.389 
802.645 
796.966 
791.353 
785.806 
780.325 
774.911 
769.564 
764.285 
759.073 
753.93 
748.856 
743.85 
738.914 
734.048 
729.252 
724.527 
719.872 
715.288 
710.776 
706.336 
701.967 
697.672 
693.448 
689.298 
685.221 
681.218 
677.288 
673.432 
669.651 
665.944 
662.311 
658.754 
655.271 
651.863 
648.531 
645.274 
642.093 
638.987 
635.956 
633.001 
630.122 
627.319 
624.591 
621.939 
619.363 
616.862 
614.436 
612.086 
609.811 
607.61 
605.485 
603.434 
601.457 
599.555 
597.726 
595.971 
594.289 
592.679 
591.143 
589.678 
588.284 
586.962 
585.711 
584.53 
583.418 
582.376 
581.402 
580.496 
579.658 
578.887 
578.182 
577.542 
576.967 
576.457 
576.01 
575.626 
575.304 
575.043 
574.843 
574.702 
574.621 
574.598 
574.632 
574.723 
574.87 
575.072 
575.327 
575.636 
575.998 
576.411 
576.874 
577.388 
577.95 
578.561 
579.219 
579.923 
580.673 
581.467 
582.305 
583.186 
584.108 
585.072 
586.077 
587.12 
588.203 
589.322 
590.479 
591.672 
592.9 
594.162 
595.458 
596.787 
598.148 
599.54 
600.962 
602.414 
603.894 
605.403 
606.939 
608.501 
610.09 
611.703 
613.341 
615.002 
616.687 
618.394 
620.122 
621.872 
623.641 
625.431 
627.239 
629.066 
630.911 
632.773 
634.651 
636.546 
638.456 
640.381 
642.32 
644.273 
646.239 
648.218 
650.21 
652.213 
654.227 
656.252 
658.287 
660.332 
662.387 
664.45 
666.522 
668.602 
670.689 
672.784 
674.885 
676.993 
679.107 
681.226 
683.351 
685.481 
687.615 
689.753 
691.895 
694.041 
696.19 
698.341 
700.496 
702.652 
704.811 
706.971 
709.132 
711.295 
713.458 
715.622 
717.786 
719.95 
722.114 
724.277 
726.44 
728.602 
730.762 
732.921 
735.079 
737.234 
739.388 
741.539 
743.688 
745.834 
747.978 
750.118 
752.255 
754.389 
756.519 
758.645 
760.768 
762.886 
765 
767.11 
769.216 
771.316 
773.412 
775.503 
777.589 
779.669 
781.745 
783.814 
785.879 
787.937 
789.99 
792.036 
794.077 
796.112 
798.14 
800.162 
802.177 
804.186 
806.188 
808.183 
810.172 
812.153 
814.128 
816.095 
818.056 
820.009 
821.955 
823.893 
825.824 
827.747 
829.663 
831.571 
833.471 
835.364 
837.248 
839.125 
840.994 
842.854 
844.707 
846.551 
848.388 
850.216 
852.036 
853.847 
855.65 
857.445 
859.232 
861.01 
862.779 
864.54 
866.292 
868.036 
869.771 
871.497 
873.215 
874.924 
876.624 
878.315 
879.998 
881.672 
883.337 
884.993 
886.641 
888.279 
889.909 
891.529 
893.141 
894.744 
896.338 
897.923 
899.499 
901.066 
902.623 
904.173 
905.713 
907.244 
908.766 
910.279 
911.783 
913.278 
914.764 
916.241 
917.709 
919.168 
920.618 
922.059 
923.491 
924.914 
926.328 
927.734 
929.13 
930.517 
931.896 
933.265 
934.626 
935.977 
937.32 
938.654 
939.979 
941.295 
942.602 
943.901 
945.191 
946.472 
947.744 
949.007 
950.262 
951.508 
952.746 
953.974 
955.194 
956.406 
957.608 
958.803 
959.988 
961.165 
962.334 
963.494 
964.645 
965.789 
966.923 
968.05 
969.168 
970.277 
971.378 
972.471 
973.556 
974.633 
975.701 
976.761 
977.813 
978.857 
979.892 
980.92 
981.939 
982.951 
983.954 
984.95 
985.938 
986.917 
987.889 
988.853 
989.81 
990.758 
991.699 
992.632 
993.557 
994.475 
995.385 
996.287 
997.182 
998.069 
998.949 
999.822 
1000.69 
1001.54 
1002.39 
1003.24 
1004.07 
1004.9 
1005.72 
1006.54 
1007.34 
1008.14 
1008.93 
1009.72 
1010.5 
1011.27 
1012.03 
1012.79 
1013.54 
1014.29 
1015.02 
1015.75 
1016.48 
1017.19 
1017.9 
1018.6 
1019.3 
1019.99 
1020.67 
1021.35 
1022.02 
1022.68 
1023.34 
1023.99 
1024.63 
1025.27 
1025.9 
1026.53 
1027.15 
1027.76 
1028.37 
1028.97 
1029.56 
1030.15 
1030.73 
1031.3 
1031.87 
1032.44 
1033 
1033.55 
1034.09 
1034.63 
1035.17 
1035.69 
1036.21 
1036.73 
1037.24 
1037.75 
1038.24 
1038.74 
1039.23 
1039.71 
1040.18 
1040.65 
1041.12 
1041.58 
1042.03 
1042.48 
1042.92 
1043.36 
1043.79 
1044.22 
1044.64 
1045.06 
1045.47 
1045.87 
1046.27 
1046.66 
1047.05 
1047.44 
1047.82 
1048.19 
1048.56 
1048.92 
1049.28 
1049.63 
1049.98 
1050.32 
1050.66 
1050.99 
1051.32 
1051.64 
1051.96 
1052.27 
1052.58 
1052.88 
1053.18 
1053.47 
1053.76 
1054.04 
1054.32 
1054.59 
1054.86 
1055.12 
1055.38 
1055.63 
1055.88 
1056.12 
1056.36 
1056.59 
1056.82 
1057.05 
1057.27 
1057.48 
1057.69 
1057.9 
1058.1 
1058.29 
1058.49 
1058.67 
1058.85 
1059.03 
1059.2 
1059.37 
1059.54 
1059.69 
1059.85 
1060 
1060.14 
1060.28 
1060.42 
1060.55 
1060.68 
1060.8 
1060.91 
1061.03 
1061.14 
1061.24 
1061.34 
1061.43 
1061.52 
1061.61 
1061.69 
1061.77 
1061.84 
1061.91 
1061.97 
1062.03 
1062.08 
1062.13 
1062.17 
1062.21 
1062.25 
1062.28 
1062.31 
1062.33 
1062.35 
1062.36 
1062.37 
1062.38 
1062.38 
1062.37 
1062.36 
1062.35 
1062.33 
1062.31 
1062.28 
1062.25 
1062.22 
1062.18 
1062.13 
1062.08 
1062.03 
1061.97 
1061.91 
1061.84 
1061.77 
1061.7 
1061.62 
1061.53 
1061.44 
1061.35 
1061.25 
1061.15 
1061.05 
1060.94 
1060.82 
1060.7 
1060.58 
1060.45 
1060.32 
1060.18 
1060.04 
1059.89 
1059.74 
1059.59 
1059.43 
1059.26 
1059.1 
1058.92 
1058.75 
1058.57 
1058.38 
1058.19 
1058 
1057.8 
1057.6 
1057.39 
1057.18 
1056.96 
1056.75 
1056.52 
1056.29 
1056.06 
1055.82 
1055.58 
1055.34 
1055.09 
1054.83 
1054.57 
1054.31 
1054.04 
1053.77 
1053.5 
1053.22 
1052.93 
1052.64 
1052.35 
1052.05 
1051.75 
1051.45 
1051.14 
1050.82 
1050.51 
1050.18 
1049.86 
1049.53 
1049.19 
1048.85 
1048.51 
1048.16 
1047.81 
1047.46 
1047.1 
1046.74 
1046.37 
1046 
1045.62 
1045.24 
1044.86 
1044.47 
1044.08 
1043.68 
1043.28 
1042.88 
1042.47 
1042.06 
1041.64 
1041.22 
1040.8 
1040.37 
1039.94 
1039.5 
1039.07 
1038.62 
1038.17 
1037.72 
1037.27 
1036.81 
1036.35 
1035.88 
1035.41 
1034.94 
1034.46 
1033.98 
1033.49 
1033.01 
1032.51 
1032.02 
1031.52 
1031.01 
1030.51 
1030 
1029.48 
1028.96 
1028.44 
1027.92 
1027.39 
1026.86 
1026.32 
1025.78 
1025.24 
1024.69 
1024.14 
1023.59 
1023.03 
1022.47 
1021.91 
1021.34 
1020.77 
1020.2 
1019.62 
1019.04 
1018.46 
1017.87 
1017.28 
1016.69 
1016.1 
1015.5 
1014.89 
1014.29 
1013.68 
1013.07 
1012.45 
1011.84 
1011.21 
1010.59 
1009.96 
1009.33 
1008.7 
1008.07 
1007.43 
1006.78 
1006.14 
1005.49 
1004.84 
1004.19 
1003.53 
1002.87 
1002.21 
1001.55 
1000.88 
1000.21 
999.539 
998.864 
998.186 
997.506 
996.823 
996.137 
995.449 
994.759 
994.065 
993.37 
992.671 
991.971 
991.268 
990.562 
989.854 
989.144 
988.431 
987.716 
986.998 
986.279 
985.557 
984.832 
984.106 
983.377 
982.646 
981.913 
981.178 
980.44 
979.701 
978.959 
978.215 
977.469 
976.722 
975.972 
975.22 
974.466 
973.71 
972.952 
972.192 
971.431 
970.667 
969.902 
969.134 
968.365 
967.594 
966.822 
966.047 
965.271 
964.493 
963.713 
962.931 
962.148 
961.363 
960.577 
959.789 
958.999 
958.208 
957.415 
956.62 
955.824 
955.027 
954.228 
953.427 
952.625 
951.822 
951.017 
950.21 
949.403 
948.594 
947.783 
946.971 
946.158 
945.343 
944.527 
943.71 
942.892 
942.072 
941.251 
940.428 
939.605 
938.78 
937.954 
937.127 
936.299 
935.47 
934.639 
933.807 
932.975 
932.141 
931.306 
930.47 
929.633 
928.794 
927.955 
927.115 
926.274 
925.432 
924.588 
923.744 
922.899 
922.053 
921.206 
920.358 
919.509 
918.659 
917.809 
916.957 
916.105 
915.251 
914.397 
913.542 
912.687 
911.83 
910.972 
910.114 
909.255 
908.395 
907.535 
906.673 
905.811 
904.948 
904.085 
903.221 
902.356 
901.49 
900.623 
899.756 
898.888 
898.02 
897.15 
896.281 
895.41 
894.539 
893.667 
892.794 
891.921 
891.048 
890.173 
889.298 
888.423 
887.546 
886.67 
885.792 
884.914 
884.036 
883.156 
882.277 
881.396 
880.516 
879.634 
878.752 
877.87 
876.987 
876.103 
875.219 
874.334 
873.449 
872.563 
871.677 
870.79 
869.903 
869.015 
868.127 
867.238 
866.349 
865.459 
864.568 
863.678 
862.786 
861.895 
861.002 
860.109 
859.216 
858.323 
857.428 
856.534 
855.638 
854.743 
853.847 
852.95 
852.053 
851.156 
850.258 
849.359 
848.46 
847.561 
846.661 
845.761 
844.86 
843.959 
843.057 
842.155 
841.253 
840.35 
839.446 
838.542 
837.638 
836.733 
835.828 
834.922 
834.016 
833.109 
832.202 
831.294 
830.386 
829.478 
828.569 
827.659 
826.75 
825.839 
824.929 
824.017 
823.106 
822.194 
821.281 
820.368 
819.455 
818.541 
817.626 
816.711 
815.796 
814.88 
813.964 
813.047 
812.13 
811.213 
810.295 
809.376 
808.457 
807.538 
806.618 
805.697 
804.777 
803.855 
802.934 
802.011 
801.089 
800.165 
799.242 
798.318 
797.393 
796.468 
795.543 
794.617 
793.69 
792.763 
791.836 
790.908 
789.98 
789.051 
788.122 
787.192 
786.262 
785.331 
784.4 
783.468 
782.536 
781.603 
780.67 
779.737 
778.802 
777.868 
776.933 
775.997 
775.062 
774.125 
773.188 
772.251 
771.313 
770.375 
769.436 
768.496 
767.557 
766.616 
765.676 
764.734 
763.793 
762.851 
761.908 
760.965 
760.021 
759.077 
758.133 
757.188 
756.242 
755.296 
754.35 
753.403 
752.456 
751.508 
750.56 
749.611 
748.662 
747.712 
746.762 
745.811 
744.86 
743.909 
742.957 
742.004 
741.051 
740.098 
739.144 
738.19 
737.235 
736.28 
735.325 
734.369 
733.412 
732.455 
731.498 
730.54 
729.582 
728.624 
727.665 
726.705 
725.745 
724.785 
723.824 
722.863 
721.902 
720.94 
719.977 
719.014 
718.051 
717.088 
716.124 
715.159 
714.195 
713.23 
712.264 
711.298 
710.332 
709.365 
708.398 
707.431 
706.463 
705.495 
704.527 
703.558 
702.589 
701.619 
700.649 
699.679 
698.708 
697.738 
696.766 
695.795 
694.823 
693.851 
692.878 
691.906 
690.933 
689.959 
688.986 
688.012 
687.037 
686.063 
685.088 
684.113 
683.138 
682.162 
681.186 
680.21 
679.234 
678.257 
677.28 
676.303 
675.326 
674.349 
673.371 
672.393 
671.415 
670.436 
669.458 
668.479 
667.5 
666.521 
665.542 
664.562 
663.583 
662.603 
661.623 
660.643 
659.663 
658.682 
657.702 
656.721 
655.74 
654.759 
653.778 
652.797 
651.816 
650.835 
649.853 
648.872 
647.89 
646.909 
645.927 
644.945 
643.964 
642.982 
642 
641.018 
640.036 
639.054 
638.072 
637.09 
636.108 
635.127 
634.145 
633.163 
632.181 
631.199 
630.217 
629.235 
628.254 
627.272 
626.29 
625.309 
624.327 
623.346 
622.365 
621.383 
620.402 
619.421 
618.44 
617.46 
616.479 
615.499 
614.518 
613.538 
612.558 
611.578 
610.598 
609.619 
608.639 
607.66 
606.681 
605.703 
604.724 
603.746 
602.768 
601.79 
600.812 
599.835 
598.857 
597.881 
596.904 
595.928 
594.952 
593.976 
593 
592.025 
591.05 
590.076 
589.101 
588.127 
587.154 
586.18 
585.207 
584.235 
583.263 
582.291 
581.319 
580.348 
579.378 
578.407 
577.437 
576.468 
575.499 
574.53 
573.562 
572.594 
571.627 
570.66 
569.694 
568.728 
567.762 
566.797 
565.833 
564.869 
563.905 
562.942 
561.979 
561.017 
560.056 
559.095 
558.135 
557.175 
556.215 
555.257 
554.298 
553.341 
552.384 
551.427 
550.472 
549.516 
548.562 
547.608 
546.654 
545.701 
544.749 
543.798 
542.847 
541.897 
540.947 
539.998 
539.05 
538.103 
537.156 
536.21 
535.264 
534.319 
533.375 
532.432 
531.489 
530.548 
529.606 
528.666 
527.726 
526.788 
525.85 
524.912 
523.976 
523.04 
522.105 
521.171 
520.237 
519.305 
518.373 
517.442 
516.512 
515.583 
514.654 
513.727 
512.8 
511.874 
510.949 
510.025 
509.102 
508.179 
507.258 
506.337 
505.417 
504.498 
503.581 
502.664 
501.748 
500.832 
499.918 
499.005 
498.093 
497.181 
496.271 
495.362 
494.453 
493.546 
492.639 
491.734 
490.829 
489.926 
489.023 
488.122 
487.221 
486.322 
485.423 
484.526 
483.63 
482.734 
481.84 
480.947 
480.055 
479.164 
478.274 
477.385 
476.497 
475.611 
474.725 
473.84 
472.957 
472.075 
471.194 
470.314 
469.435 
468.557 
467.68 
466.805 
465.93 
465.057 
464.185 
463.314 
462.445 
461.576 
460.709 
459.843 
458.978 
458.114 
457.252 
456.391 
455.53 
454.672 
453.814 
452.958 
452.103 
451.249 
450.396 
449.545 
448.695 
447.846 
446.998 
446.152 
445.307 
444.463 
443.621 
442.78 
441.94 
441.101 
440.264 
439.428 
438.594 
437.76 
436.929 
436.098 
435.269 
434.441 
433.615 
432.79 
431.966 
431.144 
430.323 
429.503 
428.685 
427.868 
427.053 
426.239 
425.426 
424.615 
423.806 
422.997 
422.191 
421.385 
420.582 
419.779 
418.978 
418.179 
417.381 
416.584 
415.789 
414.996 
414.204 
413.413 
412.624 
411.837 
411.051 
410.266 
409.483 
408.702 
407.922 
407.144 
406.367 
405.592 
404.819 
404.047 
403.277 
402.508 
401.741 
400.975 
400.211 
399.449 
398.689 
397.93 
397.172 
396.417 
395.663 
394.91 
394.159 
393.41 
392.663 
391.918 
391.174 
390.431 
389.691 
388.952 
388.215 
387.48 
386.746 
386.015 
385.285 
384.556 
383.83 
383.105 
382.382 
381.661 
380.942 
380.225 
379.509 
378.795 
378.083 
377.373 
376.665 
375.959 
375.254 
374.552 
373.851 
373.152 
372.455 
371.76 
371.068 
370.377 
369.687 
369 
368.315 
367.632 
366.951 
366.272 
365.595 
364.92 
364.246 
363.575 
362.906 
362.24 
361.575 
360.912 
360.251 
359.593 
358.936 
358.282 
357.63 
356.98 
356.332 
355.686 
355.043 
354.402 
353.762 
353.126 
352.491 
351.859 
351.228 
350.601 
349.975 
349.352 
348.731 
348.112 
347.496 
346.882 
346.27 
345.661 
345.054 
344.449 
343.847 
343.248 
342.65 
342.056 
341.463 
340.873 
340.286 
339.701 
339.119 
338.539 
337.962 
337.387 
336.815 
336.246 
335.679 
335.115 
334.553 
333.994 
333.438 
332.884 
332.333 
331.785 
331.24 
330.697 
330.157 
329.62 
329.085 
328.554 
328.025 
327.499 
326.976 
326.456 
325.939 
325.424 
324.913 
324.405 
323.899 
323.397 
322.897 
322.401 
321.907 
321.417 
320.93 
320.445 
319.964 
319.486 
319.011 
318.54 
318.071 
317.606 
317.144 
316.685 
316.23 
315.777 
315.328 
314.883 
314.441 
314.002 
313.566 
313.134 
312.705 
312.28 
311.858 
311.439 
311.025 
310.613 
310.205 
309.801 
309.4 
309.003 
308.61 
308.22 
307.834 
307.451 
307.072 
306.697 
306.326 
305.958 
305.595 
305.235 
304.878 
304.526 
304.178 
303.833 
303.492 
303.156 
302.823 
302.494 
302.169 
301.848 
301.532 
301.219 
300.91 
300.606 
300.305 
300.009 
299.717 
299.429 
299.145 
298.866 
298.591 
298.32 
298.053 
297.791 
297.533 
297.279 
297.03 
296.785 
296.544 
296.308 
296.077 
295.849 
295.627 
295.409 
295.195 
294.986 
294.781 
294.582 
294.386 
294.196 
294.01 
293.828 
293.652 
293.48 
293.313 
293.15 
292.993 
292.84 
292.692 
292.548 
292.41 
292.276 
292.148 
292.024 
291.905 
291.791 
291.682 
291.578 
291.479 
291.385 
291.296 
291.212 
291.133 
291.059 
290.99 
290.926 
290.868 
290.814 
290.766 
290.722 
290.684 
290.651 
290.624 
290.601 
290.584 
290.572 
290.565 
290.563 
290.567 
290.576 
290.59 
290.609 
290.634 
290.664 
290.7 
290.741 
290.787 
290.838 
290.895 
290.957 
291.025 
291.098 
291.176 
291.26 
291.349 
291.444 
291.544 
291.65 
291.761 
291.877 
291.999 
292.126 
292.259 
292.397 
292.541 
292.69 
292.845 
293.005 
293.17 
293.342 
293.518 
293.7 
293.888 
294.081 
294.279 
294.483 
294.693 
294.908 
295.128 
295.354 
295.585 
295.822 
296.065 
296.312 
296.566 
296.825 
297.089 
297.359 
297.634 
297.914 
298.2 
298.492 
298.789 
299.091 
299.399 
299.712 
300.031 
300.355 
300.684 
301.019 
301.359 
301.705 
302.056 
302.412 
302.774 
303.14 
303.513 
303.89 
304.273 
304.661 
305.055 
305.453 
305.857 
306.267 
306.681 
307.101 
307.526 
307.956 
308.391 
308.831 
309.277 
309.727 
310.183 
310.644 
311.11 
311.581 
312.057 
312.538 
313.024 
313.515 
314.012 
314.513 
315.019 
315.53 
316.046 
316.567 
317.092 
317.623 
318.158 
318.699 
319.244 
319.793 
320.348 
320.907 
321.472 
322.04 
322.614 
323.192 
323.775 
324.362 
324.954 
325.551 
326.152 
326.758 
327.368 
327.983 
328.603 
329.226 
329.854 
330.487 
331.124 
331.765 
332.411 
333.061 
333.715 
334.374 
335.037 
335.704 
336.375 
337.051 
337.73 
338.414 
339.102 
339.794 
340.49 
341.19 
341.894 
342.602 
343.315 
344.031 
344.751 
345.474 
346.202 
346.934 
347.669 
348.408 
349.151 
349.898 
350.648 
351.402 
352.16 
352.922 
353.687 
354.455 
355.228 
356.003 
356.783 
357.566 
358.352 
359.142 
359.935 
360.731 
361.531 
362.335 
363.141 
363.951 
364.764 
365.581 
366.4 
367.223 
368.049 
368.878 
369.71 
370.546 
371.384 
372.225 
373.07 
373.917 
374.768 
375.621 
376.477 
377.337 
378.199 
379.063 
379.931 
380.802 
381.675 
382.551 
383.429 
384.311 
385.195 
386.081 
386.971 
387.862 
388.757 
389.654 
390.553 
391.455 
392.36 
393.266 
394.176 
395.087 
396.001 
396.918 
397.836 
398.757 
399.68 
400.606 
401.534 
402.463 
403.395 
404.33 
405.266 
406.204 
407.145 
408.087 
409.032 
409.978 
410.927 
411.877 
412.829 
413.784 
414.74 
415.698 
416.657 
417.619 
418.583 
419.548 
420.515 
421.483 
422.453 
423.425 
424.399 
425.374 
426.351 
427.329 
428.309 
429.291 
430.274 
431.258 
432.244 
433.232 
434.22 
435.211 
436.202 
437.195 
438.189 
439.185 
440.182 
441.18 
442.179 
443.179 
444.181 
445.184 
446.188 
447.193 
448.199 
449.207 
450.215 
451.225 
452.235 
453.247 
454.259 
455.272 
456.287 
457.302 
458.318 
459.335 
460.353 
461.372 
462.391 
463.411 
464.433 
465.454 
466.477 
467.5 
468.524 
469.549 
470.574 
471.6 
472.626 
473.653 
474.681 
475.709 
476.738 
477.767 
478.797 
479.827 
480.858 
481.889 
482.92 
483.952 
484.984 
486.017 
487.05 
488.083 
489.117 
490.151 
491.185 
492.219 
493.253 
494.288 
495.323 
496.358 
497.393 
498.429 
499.464 
500.5 
501.536 
502.571 
503.607 
504.643 
505.679 
506.714 
507.75 
508.786 
509.821 
510.857 
511.892 
512.928 
513.963 
514.998 
516.033 
517.067 
518.102 
519.136 
520.17 
521.204 
522.237 
523.27 
524.303 
525.336 
526.368 
527.4 
528.431 
529.462 
530.493 
531.523 
532.553 
533.583 
534.612 
535.64 
536.668 
537.695 
538.722 
539.749 
540.774 
541.799 
542.824 
543.848 
544.871 
545.894 
546.916 
547.938 
548.958 
549.978 
550.998 
552.016 
553.034 
554.051 
555.068 
556.083 
557.098 
558.112 
559.125 
560.137 
561.149 
562.159 
563.169 
564.177 
565.185 
566.192 
567.198 
568.203 
569.207 
570.21 
571.212 
572.213 
573.213 
574.212 
575.21 
576.207 
577.202 
578.197 
579.191 
580.183 
581.174 
582.165 
583.154 
584.141 
585.128 
586.113 
587.098 
588.081 
589.063 
590.043 
591.022 
592 
592.977 
593.953 
594.927 
595.9 
596.871 
597.841 
598.81 
599.778 
600.744 
601.708 
602.672 
603.634 
604.594 
605.553 
606.511 
607.467 
608.421 
609.375 
610.326 
611.276 
612.225 
613.172 
614.118 
615.062 
616.004 
616.945 
617.885 
618.823 
619.759 
620.693 
621.626 
622.558 
623.487 
624.415 
625.342 
626.266 
627.189 
628.111 
629.03 
629.948 
630.864 
631.779 
632.692 
633.603 
634.512 
635.419 
636.325 
637.229 
638.131 
639.031 
639.93 
640.826 
641.721 
642.614 
643.505 
644.394 
645.282 
646.167 
647.051 
647.933 
648.813 
649.69 
650.566 
651.441 
652.313 
653.183 
654.051 
654.917 
655.782 
656.644 
657.504 
658.363 
659.219 
660.073 
660.926 
661.776 
662.624 
663.47 
664.314 
665.156 
665.996 
666.834 
667.67 
668.504 
669.336 
670.165 
670.993 
671.818 
672.641 
673.462 
674.281 
675.098 
675.913 
676.725 
677.536 
678.344 
679.15 
679.954 
680.755 
681.555 
682.352 
683.147 
683.94 
684.73 
685.519 
686.305 
687.089 
687.87 
688.65 
689.427 
690.201 
690.974 
691.744 
692.512 
693.278 
694.041 
694.802 
695.561 
696.318 
697.072 
697.824 
698.573 
699.32 
700.065 
700.808 
701.548 
702.286 
703.021 
703.754 
704.485 
705.213 
705.939 
706.663 
707.384 
708.103 
708.819 
709.533 
710.245 
710.954 
711.661 
712.365 
713.067 
713.767 
714.464 
715.158 
715.85 
716.54 
717.227 
717.912 
718.595 
719.275 
719.952 
720.627 
721.299 
721.969 
722.637 
723.302 
723.965 
724.625 
725.282 
725.937 
726.59 
727.24 
727.888 
728.533 
729.175 
729.815 
730.453 
731.088 
731.72 
732.35 
732.978 
733.602 
734.225 
734.845 
735.462 
736.076 
736.689 
737.298 
737.905 
738.51 
739.112 
739.711 
740.308 
740.902 
741.494 
742.083 
742.669 
743.253 
743.835 
744.413 
744.99 
745.563 
746.134 
746.703 
747.268 
747.832 
748.392 
748.95 
749.506 
750.059 
750.609 
751.157 
751.702 
752.244 
752.784 
753.321 
753.856 
754.388 
754.917 
755.444 
755.968 
756.49 
757.009 
757.525 
758.039 
758.55 
759.059 
759.564 
760.068 
760.568 
761.066 
761.562 
762.054 
762.545 
763.032 
763.517 
763.999 
764.479 
764.956 
765.43 
765.902 
766.371 
766.837 
767.301 
767.762 
768.221 
768.677 
769.13 
769.581 
770.029 
770.474 
770.917 
771.357 
771.794 
772.229 
772.661 
773.091 
773.518 
773.942 
774.364 
774.783 
775.199 
775.613 
776.024 
776.433 
776.839 
777.242 
777.643 
778.041 
778.436 
778.829 
779.219 
779.607 
779.991 
780.374 
780.753 
781.13 
781.505 
781.877 
782.246 
782.612 
782.976 
783.337 
783.696 
784.052 
784.406 
784.757 
785.105 
785.45 
785.793 
786.134 
786.472 
786.807 
787.139 
787.469 
787.797 
788.122 
788.444 
788.763 
789.08 
789.395 
789.707 
790.016 
790.322 
790.626 
790.928 
791.227 
791.523 
791.817 
792.108 
792.396 
792.682 
792.966 
793.247 
793.525 
793.801 
794.074 
794.344 
794.612 
794.878 
795.141 
795.401 
795.659 
795.914 
796.167 
796.417 
796.665 
796.91 
797.152 
797.392 
797.63 
797.865 
798.097 
798.327 
798.554 
798.779 
799.001 
799.221 
799.439 
799.653 
799.866 
800.075 
800.283 
800.487 
800.69 
800.889 
801.087 
801.281 
801.474 
801.663 
801.851 
802.036 
802.218 
802.398 
802.575 
802.75 
802.923 
803.093 
803.26 
803.426 
803.588 
803.748 
803.906 
804.062 
804.214 
804.365 
804.513 
804.659 
804.802 
804.942 
805.081 
805.217 
805.35 
805.481 
805.61 
805.736 
805.86 
805.982 
806.101 
806.217 
806.332 
806.444 
806.553 
806.66 
806.765 
806.868 
806.968 
807.065 
807.161 
807.254 
807.344 
807.433 
807.519 
807.602 
807.684 
807.763 
807.839 
807.913 
807.985 
808.055 
808.122 
808.187 
808.25 
808.311 
808.369 
808.425 
808.478 
808.529 
808.578 
808.625 
808.669 
808.712 
808.752 
808.789 
808.825 
808.858 
808.888 
808.917 
808.943 
808.968 
808.989 
809.009 
809.027 
809.042 
809.055 
809.066 
809.074 
809.08 
809.085 
809.087 
809.086 
809.084 
809.079 
809.073 
809.064 
809.053 
809.039 
809.024 
809.006 
808.986 
808.964 
808.94 
808.914 
808.886 
808.855 
808.823 
808.788 
808.751 
808.712 
808.671 
808.628 
808.583 
808.535 
808.486 
808.434 
808.381 
808.325 
808.267 
808.207 
808.145 
808.081 
808.015 
807.947 
807.877 
807.805 
807.73 
807.654 
807.576 
807.496 
807.413 
807.329 
807.242 
807.154 
807.064 
806.971 
806.877 
806.78 
806.682 
806.582 
806.479 
806.375 
806.269 
806.161 
806.051 
805.939 
805.824 
805.708 
805.591 
805.471 
805.349 
805.225 
805.1 
804.972 
804.843 
804.711 
804.578 
804.443 
804.306 
804.167 
804.026 
803.883 
803.739 
803.592 
803.444 
803.294 
803.142 
802.988 
802.832 
802.675 
802.516 
802.354 
802.191 
802.027 
801.86 
801.692 
801.521 
801.349 
801.176 
801 
800.823 
800.643 
800.463 
800.28 
800.095 
799.909 
799.721 
799.531 
799.34 
799.147 
798.952 
798.755 
798.557 
798.357 
798.155 
797.951 
797.746 
797.539 
797.33 
797.12 
796.908 
796.694 
796.479 
796.262 
796.043 
795.823 
795.601 
795.377 
795.152 
794.925 
794.696 
794.466 
794.234 
794.001 
793.766 
793.529 
793.291 
793.051 
792.809 
792.566 
792.321 
792.075 
791.827 
791.578 
791.327 
791.074 
790.82 
790.564 
790.307 
790.049 
789.788 
789.526 
789.263 
788.998 
788.732 
788.464 
788.195 
787.924 
787.651 
787.377 
787.102 
786.825 
786.547 
786.267 
785.986 
785.703 
785.419 
785.133 
784.846 
784.557 
784.267 
783.976 
783.683 
783.389 
783.093 
782.796 
782.497 
782.197 
781.896 
781.593 
781.289 
780.984 
780.677 
780.369 
780.059 
779.748 
779.436 
779.122 
778.807 
778.49 
778.173 
777.854 
777.533 
777.211 
776.888 
776.564 
776.238 
775.911 
775.583 
775.253 
774.922 
774.59 
774.257 
773.922 
773.586 
773.249 
772.91 
772.57 
772.229 
771.887 
771.543 
771.199 
770.853 
770.505 
770.157 
769.807 
769.456 
769.104 
768.751 
768.396 
768.04 
767.683 
767.325 
766.966 
766.605 
766.244 
765.881 
765.517 
765.152 
764.785 
764.418 
764.049 
763.68 
763.309 
762.937 
762.563 
762.189 
761.814 
761.437 
761.06 
760.681 
760.301 
759.92 
759.538 
759.155 
758.771 
758.386 
757.999 
757.612 
757.224 
756.834 
756.444 
756.052 
755.659 
755.266 
754.871 
754.475 
754.078 
753.681 
753.282 
752.882 
752.481 
752.079 
751.677 
751.273 
750.868 
750.462 
750.055 
749.648 
749.239 
748.829 
748.419 
748.007 
747.594 
747.181 
746.767 
746.351 
745.935 
745.518 
745.099 
744.68 
744.26 
743.839 
743.417 
742.995 
742.571 
742.147 
741.721 
741.295 
740.868 
740.44 
740.011 
739.581 
739.15 
738.718 
738.286 
737.853 
737.419 
736.984 
736.548 
736.111 
735.674 
735.236 
734.797 
734.357 
733.916 
733.474 
733.032 
732.589 
732.145 
731.7 
731.255 
730.808 
730.361 
729.913 
729.465 
729.015 
728.565 
728.114 
727.662 
727.21 
726.757 
726.303 
725.848 
725.393 
724.937 
724.48 
724.022 
723.564 
723.105 
722.645 
722.185 
721.724 
721.262 
720.799 
720.336 
719.872 
719.408 
718.942 
718.476 
718.01 
717.543 
717.075 
716.606 
716.137 
715.667 
715.196 
714.725 
714.253 
713.781 
713.308 
712.834 
712.36 
711.885 
711.409 
710.933 
710.456 
709.979 
709.501 
709.023 
708.543 
708.064 
707.583 
707.102 
706.621 
706.139 
705.656 
705.173 
704.689 
704.205 
703.72 
703.235 
702.749 
702.262 
701.775 
701.288 
700.8 
700.311 
699.822 
699.332 
698.842 
698.351 
697.86 
697.368 
696.876 
696.383 
695.89 
695.396 
694.902 
694.408 
693.912 
693.417 
692.921 
692.424 
691.927 
691.43 
690.932 
690.433 
689.934 
689.435 
688.935 
688.435 
687.935 
687.434 
686.932 
686.43 
685.928 
685.425 
684.922 
684.418 
683.914 
683.41 
682.905 
682.4 
681.894 
681.388 
680.882 
680.375 
679.868 
679.36 
678.853 
678.344 
677.836 
677.327 
676.817 
676.308 
675.798 
675.287 
674.776 
674.265 
673.754 
673.242 
672.73 
672.217 
671.705 
671.191 
670.678 
670.164 
669.65 
669.136 
668.621 
668.106 
667.591 
667.075 
666.559 
666.043 
665.526 
665.01 
664.493 
663.975 
663.458 
662.94 
662.422 
661.903 
661.384 
660.865 
660.346 
659.827 
659.307 
658.787 
658.267 
657.746 
657.226 
656.705 
656.183 
655.662 
655.14 
654.619 
654.096 
653.574 
653.052 
652.529 
652.006 
651.483 
650.959 
650.436 
649.912 
649.388 
648.864 
648.339 
647.815 
647.29 
646.765 
646.24 
645.715 
645.19 
644.664 
644.138 
643.612 
643.086 
642.56 
642.033 
641.507 
640.98 
640.453 
639.926 
639.399 
638.872 
638.344 
637.817 
637.289 
636.761 
636.233 
635.705 
635.177 
634.649 
634.12 
633.592 
633.063 
632.534 
632.005 
631.477 
630.947 
630.418 
629.889 
629.36 
628.83 
628.301 
627.771 
627.241 
626.712 
626.182 
625.652 
625.122 
624.592 
624.062 
623.532 
623.001 
622.471 
621.941 
621.41 
620.88 
620.349 
619.819 
619.288 
618.758 
618.227 
617.696 
617.165 
616.635 
616.104 
615.573 
615.042 
614.511 
613.98 
613.45 
612.919 
612.388 
611.857 
611.326 
610.795 
610.264 
609.733 
609.202 
608.671 
608.14 
607.609 
607.078 
606.547 
606.017 
605.486 
604.955 
604.424 
603.893 
603.363 
602.832 
602.301 
601.77 
601.24 
600.709 
600.179 
599.648 
599.118 
598.587 
598.057 
597.527 
596.997 
596.466 
595.936 
595.406 
594.876 
594.346 
593.816 
593.287 
592.757 
592.227 
591.698 
591.168 
590.639 
590.109 
589.58 
589.051 
588.522 
587.993 
587.464 
586.935 
586.407 
585.878 
585.349 
584.821 
584.293 
583.765 
583.237 
582.709 
582.181 
581.653 
581.125 
580.598 
580.071 
579.543 
579.016 
578.489 
577.962 
577.436 
576.909 
576.383 
575.856 
575.33 
574.804 
574.278 
573.752 
573.227 
572.701 
572.176 
571.651 
571.126 
570.601 
570.076 
569.552 
569.027 
568.503 
567.979 
567.455 
566.932 
566.408 
565.885 
565.362 
564.839 
564.316 
563.793 
563.271 
562.748 
562.226 
561.704 
561.183 
560.661 
560.14 
559.619 
559.098 
558.577 
558.056 
557.536 
557.016 
556.496 
555.976 
555.457 
554.937 
554.418 
553.899 
553.381 
552.862 
552.344 
551.826 
551.308 
550.791 
550.273 
549.756 
549.239 
548.722 
548.206 
547.69 
547.174 
546.658 
546.143 
545.627 
545.112 
544.598 
544.083 
543.569 
543.055 
542.541 
542.027 
541.514 
541.001 
540.488 
539.976 
539.463 
538.951 
538.44 
537.928 
537.417 
536.906 
536.395 
535.885 
535.375 
534.865 
534.355 
533.846 
533.337 
532.828 
532.319 
531.811 
531.303 
530.796 
530.288 
529.781 
529.274 
528.768 
528.262 
527.756 
527.25 
526.745 
526.24 
525.735 
525.23 
524.726 
524.222 
523.719 
523.216 
522.713 
522.21 
521.708 
521.206 
520.704 
520.203 
519.701 
519.201 
518.7 
518.2 
517.7 
517.201 
516.702 
516.203 
515.704 
515.206 
514.708 
514.211 
513.713 
513.217 
512.72 
512.224 
511.728 
511.232 
510.737 
510.242 
509.748 
509.254 
508.76 
508.266 
507.773 
507.28 
506.788 
506.296 
505.804 
505.312 
504.821 
504.331 
503.84 
503.35 
502.861 
502.371 
501.882 
501.394 
500.906 
500.418 
499.93 
499.443 
498.956 
498.47 
497.984 
497.498 
497.013 
496.528 
496.044 
495.559 
495.076 
494.592 
494.109 
493.627 
493.144 
492.662 
492.181 
491.7 
491.219 
490.739 
490.259 
489.779 
489.3 
488.821 
488.343 
487.865 
487.387 
486.91 
486.433 
485.956 
485.48 
485.005 
484.53 
484.055 
483.58 
483.106 
482.633 
482.159 
481.686 
481.214 
480.742 
480.27 
479.799 
479.328 
478.858 
478.388 
477.918 
477.449 
476.981 
476.512 
476.044 
475.577 
475.11 
474.643 
474.177 
473.711 
473.246 
472.781 
472.316 
471.852 
471.388 
470.925 
470.462 
470 
469.538 
469.077 
468.615 
468.155 
467.695 
467.235 
466.775 
466.316 
465.858 
465.4 
464.942 
464.485 
464.028 
463.572 
463.116 
462.661 
462.206 
461.752 
461.297 
460.844 
460.391 
459.938 
459.486 
459.034 
458.583 
458.132 
457.681 
457.231 
456.782 
456.333 
455.884 
455.436 
454.988 
454.541 
454.094 
453.648 
453.202 
452.756 
452.311 
451.867 
451.423 
450.979 
450.536 
450.094 
449.652 
449.21 
448.769 
448.328 
447.888 
447.448 
447.008 
446.57 
446.131 
445.693 
445.256 
444.819 
444.382 
443.946 
443.511 
443.076 
442.641 
442.207 
441.774 
441.341 
440.908 
440.476 
440.044 
439.613 
439.182 
438.752 
438.322 
437.893 
437.464 
437.036 
436.608 
436.181 
435.754 
435.328 
434.902 
434.477 
434.052 
433.628 
433.204 
432.781 
432.358 
431.935 
431.514 
431.092 
430.671 
430.251 
429.831 
429.412 
428.993 
428.575 
428.157 
427.74 
427.323 
426.906 
426.491 
426.075 
425.66 
425.246 
424.832 
424.419 
424.006 
423.594 
423.182 
422.771 
422.36 
421.95 
421.54 
421.131 
420.723 
420.314 
419.907 
419.5 
419.093 
418.687 
418.281 
417.876 
417.472 
417.068 
416.664 
416.261 
415.859 
415.457 
415.055 
414.655 
414.254 
413.854 
413.455 
413.056 
412.658 
412.26 
411.863 
411.466 
411.07 
410.674 
410.279 
409.885 
409.491 
409.097 
408.704 
408.312 
407.92 
407.528 
407.137 
406.747 
406.357 
405.968 
405.579 
405.191 
404.803 
404.416 
404.029 
403.643 
403.258 
402.873 
402.488 
402.104 
401.721 
401.338 
400.956 
400.574 
400.193 
399.812 
399.432 
399.052 
398.673 
398.295 
397.917 
397.539 
397.162 
396.786 
396.41 
396.035 
395.66 
395.286 
394.912 
394.539 
394.167 
393.795 
393.423 
393.052 
392.682 
392.312 
391.943 
391.574 
391.206 
390.838 
390.471 
390.105 
389.739 
389.373 
389.008 
388.644 
388.28 
387.917 
387.554 
387.192 
386.831 
386.47 
386.109 
385.749 
385.39 
385.031 
384.673 
384.315 
383.958 
383.601 
383.245 
382.89 
382.535 
382.181 
381.827 
381.474 
381.121 
380.769 
380.417 
380.066 
379.716 
379.366 
379.016 
378.668 
378.319 
377.972 
377.624 
377.278 
376.932 
376.586 
376.242 
375.897 
375.553 
375.21 
374.868 
374.526 
374.184 
373.843 
373.503 
373.163 
372.824 
372.485 
372.147 
371.809 
371.472 
371.136 
370.8 
370.464 
370.13 
369.795 
369.462 
369.129 
368.796 
368.464 
368.133 
367.802 
367.472 
367.142 
366.813 
366.484 
366.156 
365.829 
365.502 
365.176 
364.85 
364.525 
364.2 
363.876 
363.552 
363.23 
362.907 
362.585 
362.264 
361.943 
361.623 
361.304 
360.985 
360.666 
360.349 
360.031 
359.715 
359.399 
359.083 
358.768 
358.453 
358.14 
357.826 
357.514 
357.201 
356.89 
356.579 
356.268 
355.958 
355.649 
355.34 
355.032 
354.724 
354.417 
354.111 
353.805 
353.499 
353.194 
352.89 
352.586 
352.283 
351.981 
351.679 
351.377 
351.076 
350.776 
350.476 
350.177 
349.879 
349.581 
349.283 
348.986 
348.69 
348.394 
348.099 
347.804 
347.51 
347.216 
346.924 
346.631 
346.339 
346.048 
345.757 
345.467 
345.178 
344.889 
344.6 
344.312 
344.025 
343.738 
343.452 
343.166 
342.881 
342.597 
342.313 
342.029 
341.746 
341.464 
341.182 
340.901 
340.62 
340.34 
340.061 
339.782 
339.504 
339.226 
338.949 
338.672 
338.396 
338.12 
337.845 
337.571 
337.297 
337.023 
336.751 
336.478 
336.207 
335.936 
335.665 
335.395 
335.126 
334.857 
334.588 
334.321 
334.053 
333.787 
333.521 
333.255 
332.99 
332.725 
332.462 
332.198 
331.935 
331.673 
331.411 
331.15 
330.89 
330.63 
330.37 
330.111 
329.853 
329.595 
329.338 
329.081 
328.825 
328.569 
328.314 
328.059 
327.805 
327.552 
327.299 
327.046 
326.794 
326.543 
326.292 
326.042 
325.792 
325.543 
325.295 
325.047 
324.799 
324.552 
324.306 
324.06 
323.814 
323.57 
323.325 
323.082 
322.838 
322.596 
322.354 
322.112 
321.871 
321.63 
321.39 
321.151 
320.912 
320.674 
320.436 
320.198 
319.962 
319.725 
319.49 
319.254 
319.02 
318.786 
318.552 
318.319 
318.086 
317.854 
317.623 
317.392 
317.161 
316.931 
316.702 
316.473 
316.245 
316.017 
315.79 
315.563 
315.336 
315.111 
314.885 
314.661 
314.436 
314.213 
313.99 
313.767 
313.545 
313.323 
313.102 
312.881 
312.661 
312.442 
312.223 
312.004 
311.786 
311.569 
311.352 
311.135 
310.919 
310.703 
310.488 
310.274 
310.06 
309.846 
309.634 
309.421 
309.209 
308.998 
308.787 
308.576 
308.366 
308.157 
307.948 
307.739 
307.531 
307.324 
307.117 
306.91 
306.704 
306.499 
306.294 
306.089 
305.885 
305.682 
305.479 
305.276 
305.074 
304.872 
304.671 
304.471 
304.27 
304.071 
303.872 
303.673 
303.475 
303.277 
303.08 
302.883 
302.687 
302.491 
302.295 
302.1 
301.906 
301.712 
301.519 
301.326 
301.133 
300.941 
300.75 
300.559 
300.368 
300.178 
299.988 
299.799 
299.61 
299.422 
299.234 
299.047 
298.86 
298.673 
298.487 
298.302 
298.116 
297.932 
297.748 
297.564 
297.381 
297.198 
297.016 
296.834 
296.652 
296.471 
296.291 
296.11 
295.931 
295.752 
295.573 
295.394 
295.217 
295.039 
294.862 
294.686 
294.509 
294.334 
294.158 
293.984 
293.809 
293.635 
293.462 
293.289 
293.116 
292.944 
292.772 
292.601 
292.43 
292.259 
292.089 
291.919 
291.75 
291.581 
291.413 
291.245 
291.077 
290.91 
290.743 
290.577 
290.411 
290.246 
290.081 
289.916 
289.752 
289.588 
289.425 
289.261 
289.099 
288.937 
288.775 
288.613 
288.452 
288.292 
288.132 
287.972 
287.812 
287.653 
287.495 
287.337 
287.179 
287.021 
286.864 
286.708 
286.551 
286.395 
286.24 
286.085 
285.93 
285.776 
285.622 
285.468 
285.315 
285.162 
285.01 
284.858 
284.706 
284.555 
284.404 
284.253 
284.103 
283.953 
283.804 
283.655 
283.506 
283.358 
283.21 
283.062 
282.915 
282.768 
282.622 
282.475 
282.33 
282.184 
282.039 
281.894 
281.75 
281.606 
281.462 
281.319 
281.176 
281.033 
280.891 
280.749 
280.607 
280.466 
280.325 
280.184 
280.044 
279.904 
279.765 
279.625 
279.487 
279.348 
279.21 
279.072 
278.934 
278.797 
278.66 
278.523 
278.387 
278.251 
278.116 
277.98 
277.845 
277.711 
277.576 
277.442 
277.308 
277.175 
277.042 
276.909 
276.777 
276.644 
276.513 
276.381 
276.25 
276.119 
275.988 
275.858 
275.728 
275.598 
275.469 
275.339 
275.211 
275.082 
274.954 
274.826 
274.698 
274.571 
274.444 
274.317 
274.19 
274.064 
273.938 
273.812 
273.687 
273.562 
273.437 
273.312 
273.188 
273.064 
272.94 
272.817 
272.693 
272.57 
272.448 
272.325 
272.203 
272.081 
271.96 
271.838 
271.717 
271.596 
271.476 
271.355 
271.235 
271.116 
270.996 
270.877 
270.758 
270.639 
270.52 
270.402 
270.284 
270.166 
270.048 
269.931 
269.814 
269.697 
269.58 
269.464 
269.348 
269.232 
269.116 
269.001 
268.885 
268.77 
268.655 
268.541 
268.426 
268.312 
268.198 
268.085 
267.971 
267.858 
267.745 
267.632 
267.52 
267.407 
267.295 
267.183 
267.071 
266.96 
266.848 
266.737 
266.626 
266.516 
266.405 
266.295 
266.185 
266.075 
265.965 
265.855 
265.746 
265.637 
265.528 
265.419 
265.31 
265.202 
265.094 
264.986 
264.878 
264.77 
264.663 
264.555 
264.448 
264.341 
264.234 
264.128 
264.021 
263.915 
263.809 
263.703 
263.597 
263.492 
263.386 
263.281 
263.176 
263.071 
262.966 
262.862 
262.757 
262.653 
262.549 
262.445 
262.341 
262.237 
262.134 
262.03 
261.927 
261.824 
261.721 
261.618 
261.515 
261.413 
261.31 
261.208 
261.106 
261.004 
260.902 
260.8 
260.699 
260.597 
260.496 
260.395 
260.294 
260.193 
260.092 
259.991 
259.891 
259.79 
259.69 
259.59 
259.49 
259.39 
259.29 
259.19 
259.09 
258.991 
258.891 
258.792 
258.693 
258.594 
258.495 
258.396 
258.297 
258.198 
258.1 
258.001 
257.903 
257.804 
257.706 
257.608 
257.51 
257.412 
257.314 
257.217 
257.119 
257.021 
256.924 
256.826 
256.729 
256.632 
256.535 
256.438 
256.341 
256.244 
256.147 
256.05 
255.953 
255.857 
255.76 
255.664 
255.567 
255.471 
255.374 
255.278 
255.182 
255.086 
254.99 
254.894 
254.798 
254.702 
254.606 
254.511 
254.415 
254.319 
254.224 
254.128 
254.033 
253.937 
253.842 
253.746 
253.651 
253.556 
253.46 
253.365 
253.27 
253.175 
253.08 
252.985 
252.89 
252.795 
252.7 
252.605 
252.51 
252.415 
252.321 
252.226 
252.131 
252.036 
251.942 
251.847 
251.752 
251.658 
251.563 
251.468 
251.374 
251.279 
251.185 
251.09 
250.996 
250.901 
250.807 
250.712 
250.618 
250.523 
250.429 
250.334 
250.24 
250.145 
250.051 
249.956 
249.862 
249.767 
249.673 
249.579 
249.484 
249.39 
249.295 
249.201 
249.106 
249.012 
248.917 
248.823 
248.728 
248.634 
248.539 
248.444 
248.35 
248.255 
248.161 
248.066 
247.971 
247.877 
247.782 
247.687 
247.592 
247.498 
247.403 
247.308 
247.213 
247.118 
247.023 
246.928 
246.833 
246.738 
246.643 
246.548 
246.453 
246.358 
246.263 
246.167 
246.072 
245.977 
245.881 
245.786 
245.69 
245.595 
245.499 
245.404 
245.308 
245.212 
245.117 
245.021 
244.925 
244.829 
244.733 
244.637 
244.541 
244.445 
244.349 
244.252 
244.156 
244.06 
243.963 
243.867 
243.77 
243.674 
243.577 
243.48 
243.383 
243.287 
243.19 
243.093 
242.995 
242.898 
242.801 
242.704 
242.606 
242.509 
242.411 
242.314 
242.216 
242.118 
242.021 
241.923 
241.825 
241.727 
241.628 
241.53 
241.432 
241.333 
241.235 
241.136 
241.038 
240.939 
240.84 
240.741 
240.642 
240.543 
240.444 
240.344 
240.245 
240.145 
240.046 
239.946 
239.846 
239.747 
239.647 
239.546 
239.446 
239.346 
239.246 
239.145 
239.045 
238.944 
238.843 
238.742 
238.641 
238.54 
238.439 
238.338 
238.236 
238.135 
238.033 
237.931 
237.829 
237.727 
237.625 
237.523 
237.421 
237.318 
237.216 
237.113 
237.01 
236.907 
236.804 
236.701 
236.598 
236.494 
236.391 
236.287 
236.184 
236.08 
235.976 
235.872 
235.767 
235.663 
235.558 
235.454 
235.349 
235.244 
235.139 
235.034 
234.929 
234.823 
234.718 
234.612 
234.506 
234.4 
234.294 
234.188 
234.082 
233.975 
233.868 
233.762 
233.655 
233.548 
233.441 
233.333 
233.226 
233.118 
233.01 
232.903 
232.795 
232.686 
232.578 
232.47 
232.361 
232.252 
232.143 
232.034 
231.925 
231.816 
231.706 
231.597 
231.487 
231.377 
231.267 
231.157 
231.046 
230.936 
230.825 
230.714 
230.603 
230.492 
230.381 
230.269 
230.158 
230.046 
229.934 
229.822 
229.71 
229.597 
229.485 
229.372 
229.259 
229.146 
229.033 
228.92 
228.806 
228.693 
228.579 
228.465 
228.351 
228.236 
228.122 
228.007 
227.892 
227.777 
227.662 
227.547 
227.431 
227.316 
227.2 
227.084 
226.968 
226.852 
226.735 
226.618 
226.502 
226.385 
226.268 
226.15 
226.033 
225.915 
225.797 
225.679 
225.561 
225.443 
225.324 
225.205 
225.087 
224.968 
224.848 
224.729 
224.609 
224.49 
224.37 
224.25 
224.129 
224.009 
223.888 
223.768 
223.647 
223.525 
223.404 
223.283 
223.161 
223.039 
222.917 
222.795 
222.672 
222.55 
222.427 
222.304 
222.181 
222.058 
221.934 
221.81 
221.687 
221.563 
221.438 
221.314 
221.189 
221.065 
220.94 
220.815 
220.689 
220.564 
220.438 
220.312 
220.186 
220.06 
219.934 
219.807 
219.68 
219.553 
219.426 
219.299 
219.171 
219.043 
218.915 
218.787 
218.659 
218.531 
218.402 
218.273 
218.144 
218.015 
217.886 
217.756 
217.626 
217.496 
217.366 
217.236 
217.105 
216.974 
216.844 
216.712 
216.581 
216.45 
216.318 
216.186 
216.054 
215.922 
215.789 
215.657 
215.524 
215.391 
215.258 
215.124 
214.991 
214.857 
214.723 
214.589 
214.455 
214.32 
214.185 
214.051 
213.915 
213.78 
213.645 
213.509 
213.373 
213.237 
213.101 
212.964 
212.828 
212.691 
212.554 
212.417 
212.279 
212.142 
212.004 
211.866 
211.728 
211.589 
211.451 
211.312 
211.173 
211.034 
210.895 
210.755 
210.616 
210.476 
210.336 
210.195 
210.055 
209.914 
209.773 
209.632 
209.491 
209.35 
209.208 
209.066 
208.924 
208.782 
208.64 
208.497 
208.354 
208.211 
208.068 
207.925 
207.781 
207.638 
207.494 
207.35 
207.205 
207.061 
206.916 
206.771 
206.626 
206.481 
206.335 
206.19 
206.044 
205.898 
205.752 
205.605 
205.459 
205.312 
205.165 
205.018 
204.871 
204.723 
204.575 
204.427 
204.279 
204.131 
203.983 
203.834 
203.685 
203.536 
203.387 
203.237 
203.088 
202.938 
202.788 
202.638 
202.487 
202.337 
202.186 
202.035 
201.884 
201.733 
201.581 
201.43 
201.278 
201.126 
200.973 
200.821 
200.668 
200.516 
200.363 
200.21 
200.056 
199.903 
199.749 
199.595 
199.441 
199.287 
199.132 
198.978 
198.823 
198.668 
198.513 
198.357 
198.202 
198.046 
197.89 
197.734 
197.578 
197.421 
197.265 
197.108 
196.951 
196.794 
196.636 
196.479 
196.321 
196.163 
196.005 
195.847 
195.689 
195.53 
195.371 
195.212 
195.053 
194.894 
194.734 
194.575 
194.415 
194.255 
194.095 
193.934 
193.774 
193.613 
193.452 
193.291 
193.13 
192.968 
192.807 
192.645 
192.483 
192.321 
192.159 
191.996 
191.834 
191.671 
191.508 
191.345 
191.181 
191.018 
190.854 
190.69 
190.526 
190.362 
190.198 
190.033 
189.869 
189.704 
189.539 
189.374 
189.209 
189.043 
188.877 
188.712 
188.546 
188.379 
188.213 
188.047 
187.88 
187.713 
187.546 
187.379 
187.212 
187.044 
186.877 
186.709 
186.541 
186.373 
186.205 
186.036 
185.868 
185.699 
185.53 
185.361 
185.192 
185.022 
184.853 
184.683 
184.513 
184.343 
184.173 
184.003 
183.832 
183.662 
183.491 
183.32 
183.149 
182.978 
182.807 
182.635 
182.463 
182.292 
182.12 
181.947 
181.775 
181.603 
181.43 
181.257 
181.085 
180.912 
180.738 
180.565 
180.392 
180.218 
180.044 
179.87 
179.696 
179.522 
179.348 
179.173 
178.999 
178.824 
178.649 
178.474 
178.299 
178.124 
177.948 
177.773 
177.597 
177.421 
177.245 
177.069 
176.893 
176.716 
176.54 
176.363 
176.186 
176.009 
175.832 
175.655 
175.478 
175.3 
175.122 
174.945 
174.767 
174.589 
174.411 
174.232 
174.054 
173.875 
173.697 
173.518 
173.339 
173.16 
172.981 
172.802 
172.622 
172.443 
172.263 
172.083 
171.903 
171.723 
171.543 
171.363 
171.182 
171.002 
170.821 
170.64 
170.46 
170.279 
170.097 
169.916 
169.735 
169.553 
169.372 
169.19 
169.008 
168.826 
168.644 
168.462 
168.28 
168.097 
167.915 
167.732 
167.55 
167.367 
167.184 
167.001 
166.818 
166.634 
166.451 
166.267 
166.084 
165.9 
165.716 
165.532 
165.348 
165.164 
164.98 
164.796 
164.611 
164.427 
164.242 
164.058 
163.873 
163.688 
163.503 
163.318 
163.132 
162.947 
162.762 
162.576 
162.391 
162.205 
162.019 
161.833 
161.647 
161.461 
161.275 
161.089 
160.902 
160.716 
160.529 
160.343 
160.156 
159.969 
159.782 
159.595 
159.408 
159.221 
159.034 
158.847 
158.659 
158.472 
158.284 
158.096 
157.909 
157.721 
157.533 
157.345 
157.157 
156.969 
156.781 
156.592 
156.404 
156.216 
156.027 
155.838 
155.65 
155.461 
155.272 
155.083 
154.894 
154.705 
154.516 
154.327 
154.138 
153.948 
153.759 
153.57 
153.38 
153.19 
153.001 
152.811 
152.621 
152.431 
152.242 
152.052 
151.862 
151.671 
151.481 
151.291 
151.101 
150.91 
150.72 
150.529 
150.339 
150.148 
149.958 
149.767 
149.576 
149.385 
149.195 
149.004 
148.813 
148.622 
148.431 
148.239 
148.048 
147.857 
147.666 
147.474 
147.283 
147.092 
146.9 
146.709 
146.517 
146.325 
146.134 
145.942 
145.75 
145.558 
145.367 
145.175 
144.983 
144.791 
144.599 
144.407 
144.215 
144.023 
143.83 
143.638 
143.446 
143.254 
143.061 
142.869 
142.677 
142.484 
142.292 
142.099 
141.907 
141.714 
141.522 
141.329 
141.136 
140.944 
140.751 
140.558 
140.366 
140.173 
139.98 
139.787 
139.594 
139.402 
139.209 
139.016 
138.823 
138.63 
138.437 
138.244 
138.051 
137.858 
137.665 
137.472 
137.279 
137.086 
136.892 
136.699 
136.506 
136.313 
136.12 
135.927 
135.733 
135.54 
135.347 
135.154 
134.961 
134.767 
134.574 
134.381 
134.187 
133.994 
133.801 
133.608 
133.414 
133.221 
133.028 
132.834 
132.641 
132.448 
132.254 
132.061 
131.868 
131.675 
131.481 
131.288 
131.095 
130.901 
130.708 
130.515 
130.321 
130.128 
129.935 
129.742 
129.548 
129.355 
129.162 
128.968 
128.775 
128.582 
128.389 
128.196 
128.002 
127.809 
127.616 
127.423 
127.23 
127.037 
126.844 
126.65 
126.457 
126.264 
126.071 
125.878 
125.685 
125.492 
125.299 
125.106 
124.914 
124.721 
124.528 
124.335 
124.142 
123.949 
123.757 
123.564 
123.371 
123.178 
122.986 
122.793 
122.601 
122.408 
122.215 
122.023 
121.83 
121.638 
121.446 
121.253 
121.061 
120.868 
120.676 
120.484 
120.292 
120.1 
119.907 
119.715 
119.523 
119.331 
119.139 
118.947 
118.755 
118.564 
118.372 
118.18 
117.988 
117.797 
117.605 
117.413 
117.222 
117.03 
116.839 
116.647 
116.456 
116.265 
116.073 
115.882 
115.691 
115.5 
115.309 
115.118 
114.927 
114.736 
114.545 
114.354 
114.164 
113.973 
113.782 
113.592 
113.401 
113.211 
113.02 
112.83 
112.64 
112.449 
112.259 
112.069 
111.879 
111.689 
111.499 
111.309 
111.119 
110.93 
110.74 
110.55 
110.361 
110.171 
109.982 
109.793 
109.603 
109.414 
109.225 
109.036 
108.847 
108.658 
108.469 
108.281 
108.092 
107.903 
107.715 
107.526 
107.338 
107.149 
106.961 
106.773 
106.585 
106.397 
106.209 
106.021 
105.833 
105.646 
105.458 
105.27 
105.083 
104.896 
104.708 
104.521 
104.334 
104.147 
103.96 
103.773 
103.586 
103.399 
103.213 
103.026 
102.84 
102.654 
102.467 
102.281 
102.095 
101.909 
101.723 
101.537 
101.352 
101.166 
100.98 
100.795 
100.61 
100.424 
100.239 
100.054 
99.8691 
99.6842 
99.4994 
99.3147 
99.1302 
98.9457 
98.7613 
98.577 
98.3928 
98.2087 
98.0247 
97.8409 
97.6571 
97.4734 
97.2898 
97.1063 
96.923 
96.7397 
96.5566 
96.3735 
96.1906 
96.0077 
95.825 
95.6424 
95.4598 
95.2774 
95.0951 
94.9129 
94.7309 
94.5489 
94.367 
94.1853 
94.0037 
93.8221 
93.6407 
93.4594 
93.2782 
93.0972 
92.9162 
92.7354 
92.5547 
92.3741 
92.1936 
92.0132 
91.8329 
91.6528 
91.4728 
91.2929 
91.1131 
90.9335 
90.7539 
90.5745 
90.3952 
90.216 
90.037 
89.858 
89.6792 
89.5006 
89.322 
89.1436 
88.9653 
88.7871 
88.609 
88.4311 
88.2533 
88.0756 
87.8981 
87.7206 
87.5434 
87.3662 
87.1892 
87.0123 
86.8355 
86.6588 
86.4823 
86.306 
86.1297 
85.9536 
85.7776 
85.6018 
85.426 
85.2505 
85.075 
84.8997 
84.7245 
84.5495 
84.3746 
84.1998 
84.0252 
83.8507 
83.6764 
83.5022 
83.3281 
83.1542 
82.9804 
82.8067 
82.6332 
82.4598 
82.2866 
82.1135 
81.9406 
81.7678 
81.5951 
81.4226 
81.2502 
81.078 
80.9059 
80.734 
80.5622 
80.3905 
80.219 
80.0477 
79.8765 
79.7054 
79.5345 
79.3637 
79.1931 
79.0226 
78.8523 
78.6822 
78.5121 
78.3423 
78.1726 
78.003 
77.8336 
77.6643 
77.4952 
77.3263 
77.1575 
76.9888 
76.8203 
76.652 
76.4838 
76.3158 
76.1479 
75.9802 
75.8126 
75.6452 
75.478 
75.3109 
75.144 
74.9772 
74.8106 
74.6441 
74.4778 
74.3117 
74.1457 
73.9799 
73.8142 
73.6487 
73.4834 
73.3182 
73.1532 
72.9884 
72.8237 
72.6591 
72.4948 
72.3306 
72.1665 
72.0027 
71.839 
71.6754 
71.5121 
71.3489 
71.1858 
71.0229 
70.8602 
70.6977 
70.5353 
70.3731 
70.2111 
70.0492 
69.8875 
69.726 
69.5646 
69.4034 
69.2424 
69.0815 
68.9208 
68.7603 
68.6 
68.4398 
68.2798 
68.12 
67.9603 
67.8009 
67.6416 
67.4824 
67.3235 
67.1647 
67.0061 
66.8476 
66.6894 
66.5313 
66.3734 
66.2156 
66.0581 
65.9007 
65.7435 
65.5864 
65.4296 
65.2729 
65.1164 
64.9601 
64.8039 
64.648 
64.4922 
64.3366 
64.1812 
64.0259 
63.8708 
63.7159 
63.5612 
63.4067 
63.2524 
63.0982 
62.9442 
62.7904 
62.6368 
62.4834 
62.3301 
62.177 
62.0242 
61.8715 
61.7189 
61.5666 
61.4144 
61.2625 
61.1107 
60.9591 
60.8077 
60.6565 
60.5054 
60.3546 
60.2039 
60.0534 
59.9031 
59.753 
59.6031 
59.4533 
59.3038 
59.1544 
59.0053 
58.8563 
58.7075 
58.5589 
58.4104 
58.2622 
58.1142 
57.9663 
57.8187 
57.6712 
57.5239 
57.3768 
57.2299 
57.0832 
56.9367 
56.7904 
56.6442 
56.4983 
56.3526 
56.207 
56.0616 
55.9165 
55.7715 
55.6267 
55.4821 
55.3377 
55.1935 
55.0495 
54.9057 
54.762 
54.6186 
54.4754 
54.3323 
54.1895 
54.0469 
53.9044 
53.7621 
53.6201 
53.4782 
53.3365 
53.1951 
53.0538 
52.9127 
52.7718 
52.6311 
52.4906 
52.3504 
52.2103 
52.0704 
51.9307 
51.7912 
51.6519 
51.5128 
51.3739 
51.2351 
51.0966 
50.9583 
50.8202 
50.6823 
50.5446 
50.4071 
50.2698 
50.1327 
49.9958 
49.8591 
49.7225 
49.5862 
49.4501 
49.3142 
49.1785 
49.043 
48.9077 
48.7726 
48.6377 
48.503 
48.3685 
48.2342 
48.1001 
47.9662 
47.8325 
47.6991 
47.5658 
47.4327 
47.2998 
47.1672 
47.0347 
46.9024 
46.7704 
46.6385 
46.5068 
46.3754 
46.2442 
46.1131 
45.9823 
45.8516 
45.7212 
45.591 
45.461 
45.3311 
45.2015 
45.0721 
44.9429 
44.8139 
44.6852 
44.5566 
44.4282 
44.3 
44.1721 
44.0443 
43.9167 
43.7894 
43.6622 
43.5353 
43.4086 
43.2821 
43.1557 
43.0296 
42.9037 
42.778 
42.6525 
42.5273 
42.4022 
42.2773 
42.1527 
42.0282 
41.904 
41.7799 
41.6561 
41.5325 
41.409 
41.2858 
41.1628 
41.04 
40.9175 
40.7951 
40.6729 
40.551 
40.4292 
40.3077 
40.1863 
40.0652 
39.9443 
39.8236 
39.7031 
39.5828 
39.4627 
39.3428 
39.2232 
39.1037 
38.9845 
38.8654 
38.7466 
38.628 
38.5096 
38.3914 
38.2734 
38.1556 
38.038 
37.9207 
37.8035 
37.6866 
37.5698 
37.4533 
37.337 
37.2209 
37.105 
36.9893 
36.8738 
36.7586 
36.6435 
36.5287 
36.414 
36.2996 
36.1854 
36.0714 
35.9576 
35.844 
35.7306 
35.6175 
35.5045 
35.3918 
35.2792 
35.1669 
35.0548 
34.9429 
34.8312 
34.7197 
34.6084 
34.4974 
34.3865 
34.2759 
34.1654 
34.0552 
33.9452 
33.8354 
33.7258 
33.6164 
33.5073 
33.3983 
33.2896 
33.181 
33.0727 
32.9646 
32.8567 
32.749 
32.6415 
32.5342 
32.4271 
32.3203 
32.2136 
32.1072 
32.001 
31.895 
31.7891 
31.6836 
31.5782 
31.473 
31.368 
31.2633 
31.1587 
31.0544 
30.9503 
30.8464 
30.7427 
30.6392 
30.5359 
30.4328 
30.33 
30.2273 
30.1249 
30.0226 
29.9206 
29.8188 
29.7172 
29.6158 
29.5146 
29.4137 
29.3129 
29.2123 
29.112 
29.0119 
28.9119 
28.8122 
28.7127 
28.6134 
28.5144 
28.4155 
28.3168 
28.2184 
28.1201 
28.0221 
27.9242 
27.8266 
27.7292 
27.632 
27.535 
27.4382 
27.3417 
27.2453 
27.1491 
27.0532 
26.9575 
26.8619 
26.7666 
26.6715 
26.5766 
26.4819 
26.3874 
26.2931 
26.1991 
26.1052 
26.0116 
25.9181 
25.8249 
25.7319 
25.639 
25.5464 
25.454 
25.3618 
25.2698 
25.1781 
25.0865 
24.9951 
24.904 
24.813 
24.7223 
24.6317 
24.5414 
24.4513 
24.3614 
24.2717 
24.1822 
24.0929 
24.0038 
23.9149 
23.8263 
23.7378 
23.6495 
23.5615 
23.4737 
23.386 
23.2986 
23.2114 
23.1243 
23.0375 
22.9509 
22.8645 
22.7783 
22.6923 
22.6066 
22.521 
22.4356 
22.3505 
22.2655 
22.1807 
22.0962 
22.0118 
21.9277 
21.8438 
21.76 
21.6765 
21.5932 
21.5101 
21.4272 
21.3445 
21.262 
21.1797 
21.0976 
21.0157 
20.934 
20.8526 
20.7713 
20.6902 
20.6093 
20.5287 
20.4482 
20.368 
20.2879 
20.2081 
20.1284 
20.049 
19.9698 
19.8907 
19.8119 
19.7333 
19.6548 
19.5766 
19.4986 
19.4208 
19.3432 
19.2658 
19.1885 
19.1115 
19.0347 
18.9581 
18.8817 
18.8055 
18.7295 
18.6537 
18.5781 
18.5028 
18.4276 
18.3526 
18.2778 
18.2032 
18.1288 
18.0546 
17.9807 
17.9069 
17.8333 
17.7599 
17.6867 
17.6138 
17.541 
17.4684 
17.396 
17.3239 
17.2519 
17.1801 
17.1085 
17.0372 
16.966 
16.895 
16.8242 
16.7537 
16.6833 
16.6131 
16.5431 
16.4734 
16.4038 
16.3344 
16.2652 
16.1962 
16.1275 
16.0589 
15.9905 
15.9223 
15.8543 
15.7865 
15.719 
15.6516 
15.5844 
15.5174 
15.4506 
15.384 
15.3176 
15.2514 
15.1854 
15.1196 
15.054 
14.9886 
14.9234 
14.8583 
14.7935 
14.7289 
14.6645 
14.6003 
14.5362 
14.4724 
14.4088 
14.3454 
14.2821 
14.2191 
14.1562 
14.0936 
14.0312 
13.9689 
13.9068 
13.845 
13.7833 
13.7219 
13.6606 
13.5995 
13.5387 
13.478 
13.4175 
13.3572 
13.2971 
13.2372 
13.1775 
13.118 
13.0587 
12.9996 
12.9407 
12.882 
12.8235 
12.7652 
12.7071 
12.6491 
12.5914 
12.5339 
12.4765 
12.4194 
12.3624 
12.3057 
12.2491 
12.1928 
12.1366 
12.0806 
12.0249 
11.9693 
11.9139 
11.8587 
11.8037 
11.749 
11.6944 
11.64 
11.5858 
11.5318 
11.4779 
11.4243 
11.3709 
11.3177 
11.2647 
11.2118 
11.1592 
11.1068 
11.0545 
11.0025 
10.9506 
10.899 
10.8475 
10.7963 
10.7452 
10.6943 
10.6437 
10.5932 
10.5429 
10.4928 
10.4429 
10.3932 
10.3438 
10.2945 
10.2454 
10.1965 
10.1478 
10.0993 
10.051 
10.0028 
9.95493 
9.90722 
9.8597 
9.81238 
9.76526 
9.71833 
9.67161 
9.62508 
9.57875 
9.53262 
9.48668 
9.44095 
9.39541 
9.35007 
9.30493 
9.25999 
9.21525 
9.17071 
9.12636 
9.08222 
9.03828 
8.99453 
8.95099 
8.90764 
8.8645 
8.82155 
8.77881 
8.73626 
8.69392 
8.65178 
8.60984 
8.5681 
8.52656 
8.48522 
8.44408 
8.40315 
8.36242 
8.32189 
8.28156 
8.24144 
8.20151 
8.16179 
8.12228 
8.08296 
8.04385 
8.00495 
7.96624 
7.92775 
7.88945 
7.85136 
7.81348 
7.7758 
7.73832 
7.70105 
7.66399 
7.62713 
7.59047 
7.55403 
7.51778 
7.48175 
7.44592 
7.4103 
7.37489 
7.33968 
7.30469 
7.2699 
7.23531 
7.20094 
7.16677 
7.13282 
7.09907 
7.06553 
7.0322 
6.99909 
6.96618 
6.93348 
6.90099 
6.86871 
6.83665 
6.80479 
6.77315 
6.74172 
6.7105 
6.67949 
6.6487 
6.61811 
6.58774 
6.55759 
6.52764 
6.49792 
6.4684 
6.4391 
6.41001 
6.38114 
6.35248 
6.32403 
6.29581 
6.26779 
6.24 
6.21241 
6.18505 
6.1579 
6.13096 
6.10425 
6.07775 
6.05146 
6.02539 
5.99954 
5.97391 
5.9485 
5.9233 
5.89832 
5.87356 
5.84902 
5.82469 
5.80058 
5.7767 
5.75303 
5.72957 
5.70634 
5.68333 
5.66053 
5.63795 
5.6156 
5.59346 
5.57154 
5.54984 
5.52836 
5.50709 
5.48605 
5.46523 
5.44462 
5.42423 
5.40406 
5.38412 
5.36439 
5.34487 
5.32558 
5.3065 
5.28765 
5.26901 
5.25059 
5.23238 
5.2144 
5.19663 
5.17908 
5.16174 
5.14463 
5.12773 
5.11104 
5.09457 
5.07832 
5.06228 
5.04645 
5.03084 
5.01545 
5.00027 
4.9853 
4.97054 
4.956 
4.94167 
4.92754 
4.91363 
4.89994 
4.88645 
4.87317 
4.86009 
4.84723 
4.83457 
4.82212 
4.80988 
4.79784 
4.78601 
4.77438 
4.76296 
4.75173 
4.74071 
4.72989 
4.71927 
4.70885 
4.69863 
4.68861 
4.67878 
4.66915 
4.65971 
4.65047 
4.64142 
4.63257 
4.6239 
4.61543 
4.60714 
4.59905 
4.59114 
4.58341 
4.57587 
4.56852 
4.56135 
4.55436 
4.54755 
4.54092 
4.53446 
4.52819 
4.52209 
4.51616 
4.51041 
4.50483 
4.49943 
4.49419 
4.48912 
4.48422 
4.47948 
4.47491 
4.4705 
4.46625 
4.46216 
4.45823 
4.45446 
4.45085 
4.44739 
4.44409 
4.44093 
4.43793 
4.43508 
4.43237 
4.42981 
4.4274 
4.42513 
4.42301 
4.42102 
4.41917 
4.41746 
4.41589 
4.41446 
4.41315 
4.41198 
4.41094 
4.41003 
4.40925 
4.40859 
4.40806 
4.40765 
4.40736 
4.40719 
4.40715 
4.40722 
4.4074 
4.4077 
4.40812 
4.40864 
4.40928 
4.41002 
4.41087 
4.41183 
4.41289 
4.41406 
4.41533 
4.41669 
4.41816 
4.41972 
4.42138 
4.42313 
4.42498 
4.42692 
4.42895 
4.43107 
4.43327 
4.43556 
4.43794 
4.4404 
4.44294 
4.44557 
4.44827 
4.45105 
4.45391 
4.45685 
4.45985 
4.46294 
4.46609 
4.46931 
4.47261 
4.47597 
4.4794 
4.48289 
4.48645 
4.49008 
4.49376 
4.4975 
4.50131 
4.50517 
4.50909 
4.51307 
4.5171 
4.52119 
4.52533 
4.52952 
4.53376 
4.53805 
4.54239 
4.54678 
4.55121 
4.55569 
4.56022 
4.56478 
4.56939 
4.57404 
4.57873 
4.58346 
4.58823 
4.59304 
4.59788 
4.60276 
4.60767 
4.61262 
4.6176 
4.62261 
4.62765 
4.63273 
4.63783 
4.64296 
4.64812 
4.6533 
4.65851 
4.66375 
4.66901 
4.67429 
4.6796 
4.68493 
4.69028 
4.69565 
4.70104 
4.70645 
4.71188 
4.71732 
4.72278 
4.72826 
4.73375 
4.73926 
4.74478 
4.75032 
4.75587 
4.76143 
4.767 
4.77258 
4.77818 
4.78378 
4.78939 
4.79501 
4.80064 
4.80628 
4.81192 
4.81757 
4.82322 
4.82888 
4.83454 
4.84021 
4.84588 
4.85155 
4.85723 
4.86291 
4.86859 
4.87427 
4.87995 
4.88563 
4.89131 
4.89699 
4.90267 
4.90834 
4.91402 
4.91969 
4.92536 
4.93102 
4.93668 
4.94234 
4.94799 
4.95364 
4.95928 
4.96491 
4.97054 
4.97616 
4.98178 
4.98738 
4.99298 
4.99858 
5.00416 
5.00973 
5.0153 
5.02086 
5.0264 
5.03194 
5.03746 
5.04298 
5.04848 
5.05398 
5.05946 
5.06493 
5.07039 
5.07583 
5.08127 
5.08669 
5.09209 
5.09749 
5.10287 
5.10823 
5.11358 
5.11892 
5.12424 
5.12955 
5.13485 
5.14012 
5.14539 
5.15063 
5.15587 
5.16108 
5.16628 
5.17146 
5.17663 
5.18178 
5.18691 
5.19202 
5.19712 
5.2022 
5.20726 
5.21231 
5.21734 
5.22234 
5.22733 
5.23231 
5.23726 
5.24219 
5.24711 
5.25201 
5.25688 
5.26174 
5.26658 
5.2714 
5.2762 
5.28098 
5.28574 
5.29048 
5.2952 
5.2999 
5.30458 
5.30924 
5.31387 
5.31849 
5.32309 
5.32767 
5.33222 
5.33676 
5.34127 
5.34576 
5.35023 
5.35468 
5.35911 
5.36352 
5.36791 
5.37227 
5.37661 
5.38093 
5.38523 
5.38951 
5.39377 
5.398 
5.40221 
5.4064 
5.41057 
5.41472 
5.41884 
5.42294 
5.42702 
5.43108 
5.43512 
5.43913 
5.44312 
5.44709 
5.45104 
5.45496 
5.45886 
5.46274 
5.4666 
5.47043 
5.47425 
5.47804 
5.4818 
5.48555 
5.48927 
5.49297 
5.49665 
5.50031 
5.50394 
5.50755 
5.51114 
5.5147 
5.51825 
5.52177 
5.52527 
5.52874 
5.5322 
5.53563 
5.53904 
5.54242 
5.54579 
5.54913 
5.55245 
5.55575 
5.55902 
5.56228 
5.56551 
5.56872 
5.5719 
5.57507 
5.57821 
5.58133 
5.58443 
5.58751 
5.59056 
5.5936 
5.59661 
5.5996 
5.60257 
5.60552 
5.60844 
5.61134 
5.61423 
5.61709 
5.61993 
5.62274 
5.62554 
5.62832 
5.63107 
5.63381 
5.63652 
5.63921 
5.64188 
5.64453 
5.64716 
5.64977 
5.65235 
5.65492 
5.65747 
5.65999 
5.6625 
5.66499 
5.66745 
5.6699 
5.67232 
5.67473 
5.67711 
5.67948 
5.68182 
5.68415 
5.68645 
5.68874 
5.69101 
5.69326 
5.69548 
5.69769 
5.69989 
5.70206 
5.70421 
5.70634 
5.70846 
5.71055 
5.71263 
5.71469 
5.71673 
5.71876 
5.72076 
5.72275 
5.72472 
5.72667 
5.7286 
5.73052 
5.73242 
5.7343 
5.73616 
5.73801 
5.73984 
5.74165 
5.74344 
5.74522 
5.74698 
5.74873 
5.75046 
5.75217 
5.75387 
5.75555 
5.75721 
5.75886 
5.76049 
5.76211 
5.76371 
5.7653 
5.76687 
5.76843 
5.76997 
5.77149 
5.77301 
5.7745 
5.77598 
5.77745 
5.77891 
5.78035 
5.78177 
5.78318 
5.78458 
5.78597 
5.78734 
5.7887 
5.79004 
5.79137 
5.79269 
5.794 
5.79529 
5.79657 
5.79784 
5.7991 
5.80034 
5.80157 
5.8028 
5.804 
5.8052 
5.80639 
5.80756 
5.80873 
5.80988 
5.81103 
5.81216 
5.81328 
5.81439 
5.81549 
5.81659 
5.81767 
5.81874 
5.8198 
5.82086 
5.8219 
5.82294 
5.82397 
5.82498 
5.82599 
5.827 
5.82799 
5.82897 
5.82995 
5.83092 
5.83189 
5.83284 
5.83379 
5.83473 
5.83566 
5.83659 
5.83751 
5.83843 
5.83934 
5.84024 
5.84114 
5.84203 
5.84292 
5.8438 
5.84467 
5.84555 
5.84641 
5.84728 
5.84813 
5.84899 
5.84984 
5.85068 
5.85153 
5.85237 
5.8532 
5.85404 
5.85487 
5.8557 
5.85652 
5.85735 
5.85817 
5.85899 
5.8598 
5.86062 
5.86144 
5.86225 
5.86307 
5.86388 
5.86469 
5.8655 
5.86632 
5.86713 
5.86794 
5.86875 
5.86957 
5.87038 
5.8712 
5.87202 
5.87284 
5.87366 
5.87448 
5.87531 
5.87614 
5.87697 
5.8778 
5.87864 
5.87948 
5.88032 
5.88117 
5.88202 
5.88287 
5.88373 
5.8846 
5.88547 
5.88634 
5.88722 
5.88811 
5.889 
5.88989 
5.89079 
5.8917 
5.89262 
5.89354 
5.89447 
5.89541 
5.89635 
5.8973 
5.89826 
5.89923 
5.90021 
5.90119 
5.90219 
5.90319 
5.9042 
5.90522 
5.90625 
5.90729 
5.90835 
5.90941 
5.91048 
5.91156 
5.91266 
5.91376 
5.91488 
5.91601 
5.91715 
5.91831 
5.91947 
5.92065 
5.92185 
5.92305 
5.92427 
5.9255 
5.92675 
5.92801 
5.92929 
5.93058 
5.93188 
5.9332 
5.93454 
5.93589 
5.93726 
5.93864 
5.94004 
5.94146 
5.94289 
5.94434 
5.94581 
5.9473 
5.9488 
5.95032 
5.95186 
5.95342 
5.955 
5.95659 
5.95821 
5.95984 
5.9615 
5.96317 
5.96487 
5.96658 
5.96832 
5.97008 
5.97186 
5.97366 
5.97548 
5.97732 
5.97919 
5.98108 
5.98299 
5.98493 
5.98688 
5.98887 
5.99087 
5.9929 
5.99495 
5.99703 
5.99913 
6.00126 
6.00341 
6.00559 
6.00779 
6.01002 
6.01228 
6.01456 
6.01687 
6.01921 
6.02157 
6.02396 
6.02638 
6.02882 
6.03129 
6.0338 
6.03633 
6.03889 
6.04147 
6.04409 
6.04674 
6.04941 
6.05212 
6.05486 
6.05762 
6.06042 
6.06325 
6.06611 
6.069 
6.07193 
6.07488 
6.07787 
6.08089 
6.08394 
6.08702 
6.09014 
6.09329 
6.09647 
6.09969 
6.10294 
6.10623 
6.10955 
6.1129 
6.11629 
6.11972 
6.12318 
6.12667 
6.1302 
6.13377 
6.13737 
6.14101 
6.14469 
6.1484 
6.15215 
6.15593 
6.15976 
6.16362 
6.16752 
6.17145 
6.17543 
6.17944 
6.1835 
6.18759 
6.19172 
6.19589 
6.2001 
6.20434 
6.20863 
6.21296 
6.21733 
6.22174 
6.22619 
6.23068 
6.23521 
6.23978 
6.24439 
6.24905 
6.25375 
6.25848 
6.26326 
6.26809 
6.27295 
6.27786 
6.28281 
6.28781 
6.29284 
6.29792 
6.30305 
6.30821 
6.31342 
6.31868 
6.32398 
6.32932 
6.33471 
6.34014 
6.34562 
6.35114 
6.35671 
6.36232 
6.36798 
6.37369 
6.37943 
6.38523 
6.39107 
6.39696 
6.40289 
6.40887 
6.4149 
6.42097 
6.42709 
6.43326 
6.43947 
6.44573 
6.45204 
6.4584 
6.4648 
6.47125 
6.47775 
6.4843 
6.49089 
6.49754 
6.50423 
6.51097 
6.51776 
6.52459 
6.53148 
6.53841 
6.5454 
6.55243 
6.55951 
6.56664 
6.57382 
6.58105 
6.58833 
6.59566 
6.60304 
6.61047 
6.61795 
6.62548 
6.63305 
6.64068 
6.64836 
6.65609 
6.66387 
6.6717 
6.67958 
6.68751 
6.69549 
6.70352 
6.71161 
6.71974 
6.72792 
6.73616 
6.74444 
6.75278 
6.76117 
6.76961 
6.7781 
6.78664 
6.79523 
6.80388 
6.81257 
6.82132 
6.83012 
6.83897 
6.84787 
6.85682 
6.86583 
6.87488 
6.88399 
6.89315 
6.90236 
6.91162 
6.92094 
6.9303 
6.93972 
6.94919 
6.95871 
6.96828 
6.97791 
6.98758 
6.99731 
7.00709 
7.01692 
7.02681 
7.03674 
7.04673 
7.05677 
7.06686 
7.077 
7.08719 
7.09744 
7.10773 
7.11808 
7.12848 
7.13893 
7.14944 
7.15999 
7.1706 
7.18125 
7.19196 
7.20272 
7.21354 
7.2244 
7.23531 
7.24628 
7.2573 
7.26837 
7.27949 
7.29066 
7.30188 
7.31315 
7.32448 
7.33585 
7.34728 
7.35875 
7.37028 
7.38186 
7.39349 
7.40517 
7.4169 
7.42868 
7.44051 
7.45239 
7.46432 
7.47631 
7.48834 
7.50042 
7.51255 
7.52474 
7.53697 
7.54925 
7.56158 
7.57396 
7.58639 
7.59887 
7.6114 
7.62398 
7.63661 
7.64929 
7.66202 
7.67479 
7.68762 
7.70049 
7.71341 
7.72638 
7.7394 
7.75247 
7.76558 
7.77875 
7.79196 
7.80522 
7.81853 
7.83188 
7.84529 
7.85874 
7.87224 
7.88578 
7.89938 
7.91302 
7.92671 
7.94044 
7.95422 
7.96805 
7.98193 
7.99585 
8.00982 
8.02383 
8.03789 
8.052 
8.06615 
8.08035 
8.09459 
8.10888 
8.12321 
8.13759 
8.15202 
8.16649 
8.18101 
8.19557 
8.21017 
8.22482 
8.23951 
8.25425 
8.26903 
8.28386 
8.29873 
8.31364 
8.3286 
8.3436 
8.35865 
8.37373 
8.38886 
8.40404 
8.41925 
8.43451 
8.44981 
8.46516 
8.48054 
8.49597 
8.51144 
8.52695 
8.54251 
8.5581 
8.57374 
8.58941 
8.60513 
8.62089 
8.63669 
8.65253 
8.66842 
8.68434 
8.7003 
8.7163 
8.73234 
8.74842 
8.76455 
8.78071 
8.79691 
8.81315 
8.82942 
8.84574 
8.8621 
8.87849 
8.89492 
8.91139 
8.9279 
8.94445 
8.96103 
8.97765 
8.99431 
9.01101 
9.02774 
9.04451 
9.06132 
9.07816 
9.09504 
9.11196 
9.12891 
9.1459 
9.16293 
9.17999 
9.19708 
9.21421 
9.23138 
9.24858 
9.26582 
9.28309 
9.30039 
9.31773 
9.3351 
9.35251 
9.36995 
9.38743 
9.40494 
9.42248 
9.44005 
9.45766 
9.4753 
9.49298 
9.51068 
9.52842 
9.54619 
9.56399 
9.58183 
9.59969 
9.61759 
9.63552 
9.65348 
9.67147 
9.6895 
9.70755 
9.72563 
9.74375 
9.76189 
9.78006 
9.79827 
9.8165 
9.83476 
9.85306 
9.87138 
9.88973 
9.90811 
9.92651 
9.94495 
9.96342 
9.98191 
10.0004 
10.019 
10.0376 
10.0562 
10.0748 
10.0934 
10.1121 
10.1308 
10.1496 
10.1683 
10.1871 
10.206 
10.2248 
10.2437 
10.2626 
10.2815 
10.3004 
10.3194 
10.3384 
10.3574 
10.3765 
10.3955 
10.4146 
10.4337 
10.4529 
10.472 
10.4912 
10.5104 
10.5297 
10.5489 
10.5682 
10.5875 
10.6068 
10.6262 
10.6456 
10.665 
10.6844 
10.7038 
10.7233 
10.7427 
10.7622 
10.7818 
10.8013 
10.8209 
10.8405 
10.8601 
10.8797 
10.8993 
10.919 
10.9387 
10.9584 
10.9781 
10.9978 
11.0176 
11.0374 
11.0572 
11.077 
11.0968 
11.1167 
11.1365 
11.1564 
11.1763 
11.1963 
11.2162 
11.2362 
11.2561 
11.2761 
11.2961 
11.3162 
11.3362 
11.3563 
11.3763 
11.3964 
11.4165 
11.4367 
11.4568 
11.4769 
11.4971 
11.5173 
11.5375 
11.5577 
11.5779 
11.5982 
11.6184 
11.6387 
11.659 
11.6792 
11.6996 
11.7199 
11.7402 
11.7605 
11.7809 
11.8013 
11.8217 
11.8421 
11.8625 
11.8829 
11.9033 
11.9238 
11.9442 
11.9647 
11.9852 
12.0056 
12.0261 
12.0466 
12.0672 
12.0877 
12.1082 
12.1288 
12.1493 
12.1699 
12.1905 
12.2111 
12.2317 
12.2523 
12.2729 
12.2935 
12.3141 
12.3348 
12.3554 
12.3761 
12.3968 
12.4174 
12.4381 
12.4588 
12.4795 
12.5002 
12.5209 
12.5416 
12.5623 
12.5831 
12.6038 
12.6245 
12.6453 
12.666 
12.6868 
12.7076 
12.7283 
12.7491 
12.7699 
12.7907 
12.8115 
12.8322 
12.853 
12.8739 
12.8947 
12.9155 
12.9363 
12.9571 
12.9779 
12.9987 
13.0196 
13.0404 
13.0612 
13.0821 
13.1029 
13.1238 
13.1446 
13.1655 
13.1863 
13.2072 
13.228 
13.2489 
13.2697 
13.2906 
13.3114 
13.3323 
13.3532 
13.374 
13.3949 
13.4157 
13.4366 
13.4575 
13.4783 
13.4992 
13.5201 
13.5409 
13.5618 
13.5826 
13.6035 
13.6244 
13.6452 
13.6661 
13.6869 
13.7078 
13.7286 
13.7495 
13.7703 
13.7912 
13.812 
13.8329 
13.8537 
13.8745 
13.8954 
13.9162 
13.937 
13.9578 
13.9787 
13.9995 
14.0203 
14.0411 
14.0619 
14.0827 
14.1035 
14.1243 
14.1451 
14.1659 
14.1866 
14.2074 
14.2282 
14.2489 
14.2697 
14.2905 
14.3112 
14.3319 
14.3527 
14.3734 
14.3941 
14.4148 
14.4356 
14.4563 
14.477 
14.4976 
14.5183 
14.539 
14.5597 
14.5803 
14.601 
14.6216 
14.6423 
14.6629 
14.6835 
14.7041 
14.7247 
14.7453 
14.7659 
14.7865 
14.8071 
14.8276 
14.8482 
14.8687 
14.8893 
14.9098 
14.9303 
14.9508 
14.9713 
14.9918 
15.0123 
15.0327 
15.0532 
15.0736 
15.0941 
15.1145 
15.1349 
15.1553 
15.1757 
15.1961 
15.2164 
15.2368 
15.2571 
15.2775 
15.2978 
15.3181 
15.3384 
15.3587 
15.3789 
15.3992 
15.4195 
15.4397 
15.4599 
15.4801 
15.5003 
15.5205 
15.5407 
15.5608 
15.581 
15.6011 
15.6212 
15.6413 
15.6614 
15.6815 
15.7015 
15.7216 
15.7416 
15.7616 
15.7816 
15.8016 
15.8216 
15.8415 
15.8614 
15.8814 
15.9013 
15.9212 
15.941 
15.9609 
15.9808 
16.0006 
16.0204 
16.0402 
16.06 
16.0797 
16.0995 
16.1192 
16.1389 
16.1586 
16.1783 
16.198 
16.2176 
16.2372 
16.2569 
16.2764 
16.296 
16.3156 
16.3351 
16.3546 
16.3741 
16.3936 
16.4131 
16.4325 
16.452 
16.4714 
16.4908 
16.5101 
16.5295 
16.5488 
16.5682 
16.5874 
16.6067 
16.626 
16.6452 
16.6644 
16.6836 
16.7028 
16.722 
16.7411 
16.7602 
16.7793 
16.7984 
16.8175 
16.8365 
16.8555 
16.8745 
16.8935 
16.9124 
16.9314 
16.9503 
16.9692 
16.988 
17.0069 
17.0257 
17.0445 
17.0633 
17.082 
17.1008 
17.1195 
17.1382 
17.1568 
17.1755 
17.1941 
17.2127 
17.2313 
17.2498 
17.2684 
17.2869 
17.3054 
17.3238 
17.3423 
17.3607 
17.3791 
17.3974 
17.4158 
17.4341 
17.4524 
17.4707 
17.4889 
17.5072 
17.5254 
17.5435 
17.5617 
17.5798 
17.5979 
17.616 
17.6341 
17.6521 
17.6701 
17.6881 
17.706 
17.7239 
17.7418 
17.7597 
17.7776 
17.7954 
17.8132 
17.831 
17.8487 
17.8664 
17.8841 
17.9018 
17.9195 
17.9371 
17.9547 
17.9722 
17.9898 
18.0073 
18.0248 
18.0422 
18.0597 
18.0771 
18.0944 
18.1118 
18.1291 
18.1464 
18.1637 
18.1809 
18.1981 
18.2153 
18.2325 
18.2496 
18.2667 
18.2838 
18.3008 
18.3178 
18.3348 
18.3518 
18.3687 
18.3856 
18.4025 
18.4193 
18.4362 
18.453 
18.4697 
18.4865 
18.5032 
18.5198 
18.5365 
18.5531 
18.5697 
18.5862 
18.6028 
18.6193 
18.6357 
18.6522 
18.6686 
18.685 
18.7013 
18.7176 
18.7339 
18.7502 
18.7664 
18.7826 
18.7988 
18.8149 
18.831 
18.8471 
18.8632 
18.8792 
18.8952 
18.9111 
18.927 
18.9429 
18.9588 
18.9746 
18.9904 
19.0062 
19.0219 
19.0376 
19.0533 
19.069 
19.0846 
19.1002 
19.1157 
19.1312 
19.1467 
19.1622 
19.1776 
19.193 
19.2083 
19.2237 
19.2389 
19.2542 
19.2694 
19.2846 
19.2998 
19.3149 
19.33 
19.3451 
19.3601 
19.3751 
19.3901 
19.405 
19.4199 
19.4348 
19.4497 
19.4645 
19.4792 
19.494 
19.5087 
19.5233 
19.538 
